0.000000
0.000000
1.446253
0.561232
0.000000
0.000000
0.000000
0.000000
0.000000
0.000000
0.021586
0.000000
0.000000
0.259030
0.151101
0.431717
0.000000
0.021586
0.000000
0.000000
0.000000
0.000000
0.000000
0.000000
0.000000
0.000000
0.000000
0.000000
0.064758
0.043172
0.043172
0.000000
0.129515
0.000000
0.172687
0.000000
0.000000
0.000000
0.000000
0.000000
0.000000
0.064758
0.064758
0.000000
0.000000
0.000000
0.000000
0.000000
0.086343
0.000000
0.021586
1.316737
0.000000
0.000000
0.000000
0.000000
0.172687
0.000000
0.043172
0.000000
0.000000
0.000000
0.000000
0.000000
0.000000
0.000000
0.021586
0.000000
0.064758
0.000000
0.000000
0.000000
0.000000
0.000000
0.000000
0.000000
0.043172
0.000000
0.000000
0.000000
0.000000
0.000000
0.000000
0.000000
0.000000
1.403081
0.215859
0.107929
0.021586
0.000000
0.000000
0.086343
0.086343
0.151101
0.345374
0.000000
0.000000
0.000000
0.000000
0.043172
0.194273
0.000000
0.000000
0.129515
0.000000
0.000000
0.000000
0.021586
0.000000
0.129515
0.000000
4.748889
0.000000
0.000000
0.000000
0.000000
0.000000
0.000000
0.000000
0.000000
0.086343
0.496475
0.000000
0.000000
0.000000
0.000000
0.000000
0.215859
0.000000
0.000000
0.107929
0.000000
0.000000
0.086343
0.000000
0.194273
0.000000
0.021586
0.000000
0.107929
0.000000
0.539647
0.345374
0.302202
0.021586
0.345374
0.000000
0.064758
0.215859
1.230394
0.000000
0.000000
0.237444
0.582818
0.000000
0.000000
0.000000
0.000000
0.755505
0.000000
0.366960
0.000000
0.000000
1.122465
0.000000
0.151101
0.000000
0.000000
1.079293
0.000000
0.086343
0.000000
0.000000
0.043172
0.000000
0.604404
0.021586
0.000000
0.021586
0.000000
0.194273
0.000000
0.000000
0.000000
0.000000
0.043172
0.000000
0.021586
0.000000
0.000000
0.000000
0.000000
0.021586
0.194273
0.000000
0.043172
0.000000
0.000000
0.000000
0.194273
0.000000
0.021586
0.194273
0.000000
0.000000
0.000000
0.000000
0.323788
0.000000
0.000000
0.647576
0.000000
0.021586
0.000000
0.000000
0.000000
0.043172
0.021586
0.000000
0.021586
0.000000
0.000000
0.388545
0.000000
0.000000
0.000000
0.000000
0.107929
0.000000
0.000000
0.733919
0.000000
0.000000
0.000000
0.000000
0.690747
0.302202
0.000000
0.086343
0.000000
0.000000
0.000000
0.000000
0.000000
0.000000
0.021586
0.366960
0.086343
0.000000
0.000000
0.388545
0.625990
0.000000
0.000000
0.000000
0.000000
0.064758
0.000000
0.000000
0.410131
0.172687
0.000000
0.064758
0.259030
0.129515
0.000000
0.107929
0.000000
0.000000
0.000000
0.000000
0.000000
0.000000
0.000000
0.000000
0.000000
0.000000
0.971364
0.021586
0.000000
0.043172
0.194273
0.000000
0.000000
1.532596
0.000000
0.000000
0.000000
0.259030
0.518061
0.000000
0.000000
0.000000
0.000000
0.000000
0.000000
0.000000
0.000000
0.000000
0.000000
0.000000
0.000000
0.000000
0.107929
0.000000
0.000000
0.000000
0.000000
0.000000
0.000000
0.000000
0.107929
0.000000
0.000000
0.431717
0.172687
0.000000
0.129515
0.021586
0.021586
0.000000
0.021586
0.000000
0.000000
1.511010
2.180172
0.000000
0.043172
0.064758
0.366960
0.021586
0.280616
0.000000
0.000000
0.021586
0.000000
0.172687
0.107929
0.000000
0.000000
0.000000
0.000000
0.000000
0.000000
0.000000
0.690747
0.000000
0.000000
0.043172
0.000000
0.000000
0.000000
0.410131
0.000000
0.000000
0.021586
0.000000
0.000000
0.000000
0.000000
0.237444
0.000000
0.000000
0.000000
0.000000
0.043172
0.000000
0.194273
0.000000
0.086343
0.000000
0.000000
0.000000
0.000000
0.000000
0.604404
0.000000
0.000000
0.000000
0.000000
0.259030
1.575768
0.194273
0.000000
0.000000
0.000000
0.000000
0.000000
0.000000
0.000000
0.000000
0.000000
0.000000
0.000000
0.151101
0.000000
0.000000
0.000000
0.237444
0.000000
0.000000
0.431717
0.000000
0.000000
0.000000
0.000000
0.000000
0.000000
0.000000
0.021586
0.021586
0.000000
0.000000
0.323788
0.086343
0.043172
0.431717
0.000000
0.021586
0.000000
0.647576
1.273566
0.000000
0.669162
0.000000
0.000000
0.000000
0.000000
0.000000
0.021586
0.000000
0.000000
0.000000
0.000000
0.000000
0.000000
0.000000
0.000000
0.000000
0.000000
0.000000
0.000000
0.000000
0.000000
0.000000
0.345374
0.043172
0.151101
0.000000
0.000000
0.000000
0.000000
0.000000
0.043172
0.302202
0.000000
0.000000
0.366960
0.107929
0.000000
0.000000
0.280616
0.000000
0.000000
0.000000
0.000000
0.064758
0.000000
0.000000
0.000000
0.000000
0.000000
0.021586
0.755505
0.000000
0.000000
0.000000
0.021586
0.000000
1.036121
0.000000
0.000000
0.043172
0.000000
0.000000
0.086343
0.064758
0.000000
0.021586
0.366960
0.000000
0.000000
0.669162
0.000000
0.000000
0.237444
0.000000
0.453303
0.000000
0.863434
0.000000
0.215859
0.000000
0.000000
0.690747
0.000000
0.064758
0.000000
0.000000
0.064758
0.000000
0.107929
0.000000
0.518061
0.000000
0.000000
0.302202
0.129515
0.000000
0.000000
0.064758
0.000000
0.000000
1.446253
0.021586
0.086343
0.000000
0.043172
0.000000
0.000000
0.000000
0.000000
0.453303
0.777091
0.280616
0.000000
0.000000
0.064758
0.000000
0.000000
0.151101
0.000000
0.000000
0.107929
0.000000
0.000000
0.000000
0.539647
0.518061
0.000000
0.000000
0.021586
0.000000
0.000000
0.000000
0.000000
0.000000
0.000000
0.302202
0.000000
0.021586
0.000000
0.000000
0.000000
0.000000
0.000000
0.064758
0.000000
0.043172
0.000000
0.000000
0.000000
0.000000
0.000000
0.086343
0.000000
0.021586
0.000000
0.000000
0.000000
0.000000
0.000000
0.000000
0.000000
0.021586
0.000000
0.000000
0.086343
0.043172
0.669162
1.554182
0.345374
0.000000
0.604404
0.518061
0.000000
0.194273
0.000000
0.000000
0.000000
0.215859
0.043172
0.000000
0.000000
0.345374
0.000000
0.021586
0.086343
0.086343
0.000000
0.000000
0.086343
0.000000
0.000000
0.259030
0.000000
0.000000
0.172687
0.000000
0.000000
0.000000
0.064758
0.021586
0.000000
0.000000
0.000000
0.000000
0.000000
0.000000
0.064758
0.064758
0.000000
0.000000
0.000000
0.021586
0.000000
0.000000
0.000000
0.000000
0.000000
0.000000
0.000000
0.000000
0.000000
0.043172
0.000000
0.000000
0.000000
0.777091
0.000000
0.000000
0.064758
0.021586
0.000000
0.302202
0.000000
0.000000
0.000000
0.000000
0.064758
0.000000
0.000000
0.302202
0.000000
0.194273
0.021586
0.000000
0.000000
0.000000
0.496475
0.000000
0.000000
0.000000
0.021586
0.000000
0.000000
0.000000
0.000000
0.194273
0.000000
0.000000
0.000000
0.000000
0.000000
1.748455
0.000000
0.000000
0.000000
0.000000
0.539647
0.000000
0.000000
0.000000
0.000000
0.000000
0.000000
0.000000
0.000000
0.021586
0.690747
0.000000
0.000000
0.000000
0.021586
0.129515
0.000000
0.000000
0.000000
0.366960
0.064758
0.000000
0.000000
0.000000
0.000000
0.172687
0.000000
0.000000
0.000000
0.000000
0.000000
0.064758
0.000000
0.000000
0.237444
0.000000
0.043172
0.000000
0.194273
1.964313
0.172687
0.021586
0.000000
0.086343
0.021586
0.129515
0.000000
0.107929
0.280616
0.000000
0.107929
0.000000
0.107929
0.043172
0.259030
0.000000
0.000000
0.302202
0.000000
0.000000
0.000000
0.000000
0.086343
0.000000
0.000000
0.000000
0.000000
0.000000
0.000000
0.000000
0.000000
0.000000
0.000000
0.000000
0.021586
0.043172
0.000000
0.086343
0.000000
0.000000
0.000000
0.129515
0.280616
0.000000
0.000000
0.000000
0.000000
0.000000
0.021586
0.000000
0.690747
0.000000
0.000000
0.000000
0.000000
0.000000
0.000000
0.000000
0.000000
0.043172
0.000000
0.021586
0.021586
0.000000
0.000000
0.107929
0.000000
0.000000
0.021586
0.021586
0.000000
0.000000
0.000000
1.295152
0.000000
0.410131
0.000000
0.000000
0.194273
0.021586
0.625990
0.000000
0.000000
0.000000
0.000000
0.000000
0.151101
0.021586
0.000000
0.000000
0.000000
0.798677
0.000000
0.000000
0.000000
0.431717
0.000000
0.000000
0.021586
0.000000
0.107929
0.237444
0.000000
0.000000
0.000000
0.064758
0.000000
0.000000
0.000000
0.043172
0.064758
0.000000
0.733919
0.000000
0.000000
0.021586
0.021586
0.000000
0.021586
0.000000
0.000000
0.000000
0.000000
0.000000
0.000000
0.000000
0.000000
0.000000
0.215859
0.000000
0.000000
0.000000
0.000000
0.366960
0.194273
0.151101
0.000000
0.000000
0.000000
0.107929
0.000000
0.885020
0.000000
0.021586
0.021586
0.000000
0.690747
0.000000
0.000000
0.021586
0.000000
0.000000
0.302202
0.000000
0.086343
0.021586
0.000000
0.000000
0.000000
0.000000
1.165636
0.000000
0.021586
0.000000
0.000000
0.000000
0.000000
0.000000
0.064758
0.000000
0.000000
0.000000
0.000000
0.000000
0.000000
0.064758
0.000000
0.000000
0.000000
0.302202
0.000000
0.000000
0.000000
0.000000
0.000000
0.064758
0.000000
0.000000
0.021586
0.064758
1.057707
0.172687
0.000000
0.000000
0.064758
0.431717
0.669162
0.021586
0.000000
0.237444
0.000000
0.496475
0.000000
0.021586
0.000000
0.000000
0.000000
0.064758
0.000000
0.237444
0.841848
0.000000
0.000000
0.777091
0.000000
0.000000
0.000000
0.194273
0.582818
0.000000
0.064758
0.000000
0.000000
0.021586
0.000000
1.446253
0.000000
0.000000
0.000000
0.000000
0.237444
0.000000
0.000000
0.151101
0.086343
0.000000
0.000000
0.000000
0.000000
0.000000
0.000000
0.000000
0.000000
0.000000
0.000000
0.021586
0.000000
0.000000
0.000000
0.000000
0.431717
0.000000
0.302202
0.000000
0.021586
0.259030
0.000000
0.000000
0.000000
0.043172
0.000000
0.000000
0.194273
0.000000
0.000000
1.036121
0.000000
0.000000
0.582818
0.431717
0.000000
0.000000
0.000000
0.000000
0.000000
0.194273
0.000000
0.000000
0.000000
0.000000
0.000000
0.000000
0.000000
0.086343
0.000000
0.000000
0.129515
0.000000
0.064758
0.733919
0.647576
0.064758
0.064758
0.000000
0.000000
0.086343
0.561232
0.064758
0.021586
0.000000
0.000000
0.000000
0.021586
0.000000
0.000000
0.021586
0.000000
0.000000
0.107929
0.000000
0.000000
0.000000
0.000000
0.194273
0.000000
0.000000
0.000000
0.000000
0.215859
0.021586
0.172687
0.021586
0.000000
0.086343
0.280616
0.992950
0.992950
0.194273
0.000000
0.000000
0.021586
0.000000
0.000000
0.000000
0.000000
0.000000
0.000000
0.021586
0.000000
0.000000
0.000000
0.021586
0.043172
0.000000
0.021586
0.345374
0.000000
0.582818
0.000000
0.107929
0.237444
0.000000
0.453303
0.021586
0.345374
0.064758
0.755505
0.000000
0.000000
0.000000
0.021586
0.000000
0.000000
0.172687
0.777091
0.000000
0.107929
0.000000
0.021586
0.000000
0.000000
0.000000
0.000000
0.000000
0.000000
0.000000
0.000000
0.000000
0.755505
0.690747
0.129515
0.000000
0.000000
0.000000
0.000000
0.021586
0.000000
0.000000
0.000000
0.000000
0.000000
0.151101
0.000000
0.000000
0.021586
0.000000
0.000000
0.000000
0.000000
0.107929
0.733919
0.086343
0.000000
0.000000
0.021586
0.000000
0.000000
0.000000
0.000000
0.000000
0.064758
0.000000
0.000000
0.000000
0.000000
0.000000
0.000000
0.000000
0.043172
0.000000
0.000000
0.280616
0.000000
0.712333
0.000000
1.640525
0.000000
0.107929
0.000000
0.000000
0.021586
0.107929
0.000000
0.000000
0.000000
0.000000
0.064758
0.561232
0.280616
0.000000
0.000000
0.000000
0.000000
0.000000
0.064758
0.000000
0.086343
0.000000
0.021586
0.000000
0.000000
0.000000
0.086343
0.000000
0.043172
0.000000
0.474889
0.000000
0.000000
0.000000
0.021586
0.000000
0.000000
0.021586
0.539647
0.000000
0.000000
0.000000
0.280616
0.000000
0.215859
0.194273
0.000000
0.798677
0.000000
0.000000
0.000000
0.194273
0.000000
0.000000
0.259030
0.000000
0.000000
0.000000
0.000000
0.000000
0.000000
0.129515
0.000000
0.000000
0.000000
0.000000
0.000000
0.000000
0.129515
0.064758
0.000000
0.000000
1.208808
0.453303
0.107929
0.000000
0.000000
0.000000
0.129515
0.000000
0.000000
0.000000
0.000000
0.000000
0.000000
0.000000
0.000000
0.992950
0.000000
1.618939
0.021586
0.000000
0.000000
0.064758
0.000000
0.000000
0.064758
0.539647
0.000000
0.021586
0.000000
0.000000
0.000000
0.086343
0.000000
0.000000
0.000000
0.043172
1.273566
0.000000
0.604404
0.000000
0.000000
0.518061
0.000000
0.194273
0.000000
0.000000
0.000000
0.949778
0.000000
0.000000
0.237444
0.000000
0.000000
