-10.089763
0.686279
-3.744845
-3.228429
-2.266665
-2.123082
-4.863821
-1.469416
6.418415
-4.024221
-3.785243
-5.070677
-6.128812
-2.870688
-3.861658
-2.144013
-6.668589
-3.990153
-3.578384
-6.001776
-4.310901
-2.690118
1.056190
-1.369152
2.403437
0.579687
-2.067597
-1.784324
-2.697417
-1.150610
-6.036824
-1.819371
-1.145745
-4.040285
-4.862359
-1.112162
-1.126274
-5.175323
-0.899951
-1.358930
-6.490447
-4.878419
-0.840569
-0.334865
-5.540365
-6.120541
-5.830940
-6.814116
4.746522
0.429230
0.278299
0.140093
-0.242963
-0.604658
-0.485455
-0.369392
-0.654447
-0.163179
0.110096
0.124702
0.010995
-0.492680
-0.860029
0.226472
0.182183
-0.948451
-0.403787
0.208253
-0.899921
-1.112730
0.554401
1.127022
-0.508384
-0.291493
-0.193805
-0.442109
-0.284584
0.189408
0.976721
-0.513882
1.098125
1.025408
-0.885159
-0.118733
-0.101299
0.285053
-0.351802
0.846523
1.147754
-0.415094
-0.762498
0.521422
-0.234481
0.023088
-0.268721
-0.123916
-0.280970
-1.938680
-1.390618
-0.557647
-2.115947
-2.321070
-1.466267
-1.031061
-1.199136
-2.067593
-0.060443
-1.084101
2.062137
2.532825
-0.426233
-1.503703
-1.187052
1.094244
2.396341
3.349800
2.705585
1.645269
-0.081110
-0.180165
-0.435590
-0.006627
0.306516
0.248800
1.620697
-1.008839
-0.727675
-0.184842
0.330694
1.520865
1.293907
0.511243
0.228912
-0.620435
1.594572
-1.505652
1.878074
5.234504
1.122709
-0.359546
-2.597555
0.201616
-1.102428
-1.711553
-1.350056
-1.130118
-0.548678
-0.680247
0.320222
-0.197952
-0.202594
-0.249002
-0.189920
0.544588
1.035811
0.821793
0.920503
0.127446
0.307369
0.759320
-0.039449
-0.111740
0.664541
0.185278
-1.359247
-1.910977
0.255071
-0.992082
-0.404115
0.011959
-0.248110
-1.822265
-1.558806
-0.468017
-1.529711
-0.359847
-0.695242
-1.639127
-1.915084
-2.583550
-0.386623
-1.866354
-0.893550
-0.074790
-0.811264
-0.271135
0.249536
0.744685
-0.813941
-0.144761
-0.013567
0.099421
-0.265425
-1.273391
-1.337828
-1.808344
-4.537368
1.192623
2.613442
1.402623
0.831467
1.702239
0.272440
0.021113
-1.648114
0.272214
-1.645417
-1.041245
0.053679
0.989360
1.289203
-1.386455
0.836410
0.756228
1.180721
2.081816
1.173533
0.187766
-0.760046
0.123978
-3.393477
-3.385617
-0.745221
0.601478
0.378449
-0.912100
1.638006
-1.753675
-1.075833
1.238218
1.442603
0.092310
-1.588594
1.614197
0.574976
-0.194503
2.154136
0.365424
-0.205287
0.180129
-0.888068
0.979030
2.365259
1.436315
-4.589698
0.736888
0.821337
-0.957501
-2.218848
-2.989166
-2.778651
0.576694
-0.484583
1.826200
-1.014961
-0.780766
0.878798
-0.421723
-1.974030
-0.273720
-0.653832
-0.321256
-1.277538
-0.479012
0.711293
-1.552305
-0.333620
-1.058145
0.943921
-0.270935
-0.098380
1.011479
-0.919892
-1.339004
-1.197269
-0.152707
-0.122060
-1.313235
0.160020
0.711812
-1.377486
-0.317425
-0.562591
-0.368095
0.004004
0.978396
0.600897
-0.699800
0.729053
-2.255064
-2.009029
-0.615522
-1.399076
-2.195166
-0.950759
0.026439
0.091857
-0.290990
-0.589946
-0.535204
-1.030416
-5.685077
1.563587
0.212693
-1.255140
0.736375
0.115752
-0.338443
-0.997706
0.480126
-1.770009
-1.657984
-0.028810
-1.183112
-0.535714
-1.172944
0.628417
0.168799
-0.226418
0.979063
0.957202
-0.080502
-0.446229
0.594692
1.746621
-1.811360
-1.818987
1.916436
-1.137016
-1.232938
-0.166934
-1.268867
-1.162435
-0.485887
0.018813
-1.143456
-0.936864
0.864668
-0.869074
-0.381831
-0.017965
-1.331913
-0.038301
3.491168
0.255117
1.327074
1.263061
1.063375
1.283472
1.899233
1.593324
-0.833075
-0.335365
-0.423495
0.367136
-0.818000
0.787153
1.500321
0.113875
0.936049
1.069869
-0.360644
-0.017163
1.071956
1.158232
-0.377806
0.340697
1.235232
0.284571
0.455500
1.109064
1.163798
-0.933731
-0.584683
-0.734042
-0.991247
0.506524
-0.394737
1.263526
-1.026036
-1.377170
-0.843975
0.757930
-1.597034
-0.446920
0.914016
-0.063316
0.831450
1.144087
2.209084
0.493304
0.386619
-4.360312
-2.952739
-0.184185
-0.759440
-1.325935
-1.488217
-1.175600
-2.746251
-1.847427
1.459941
-0.194142
-0.154118
0.886878
1.249673
-1.213632
1.072455
1.685146
-1.226773
-2.598307
1.237326
0.982851
-1.199692
0.303258
-0.074073
-1.664039
-2.427463
-0.193346
-0.211266
-0.643155
0.508949
0.573463
0.178809
-1.436048
-0.304653
0.717624
-0.042609
1.221595
0.224010
0.162283
-0.915153
0.820570
1.647909
0.311025
2.768155
1.306819
0.458570
-0.455187
2.362351
-1.476469
-0.150372
-0.221218
-0.565066
-0.163175
-0.292350
-0.147811
-1.130844
-2.390577
-0.540456
-0.994130
-0.019633
0.267027
-0.550271
-0.451541
-0.290500
-0.467048
-0.019491
0.127325
0.702919
-0.017071
0.676741
-0.179962
0.939785
2.727598
2.162530
1.665040
0.682290
1.418071
-0.073265
-0.059323
0.167728
0.457515
0.872921
-0.352953
-0.372443
-0.291495
-0.946331
-1.006650
-1.058716
0.388519
-1.776573
-0.890136
-0.918588
0.238004
-0.342568
-0.474304
-0.202298
-1.175088
1.320906
0.132054
0.729993
0.005044
0.554022
-0.040952
-0.603876
-0.354315
-2.222919
-1.811037
-0.158759
-1.580465
-3.382008
0.575686
-0.029377
-2.266837
0.418114
-0.150152
-0.826137
-0.475090
0.917240
0.502389
-1.742190
1.355829
-2.185826
-0.430279
-0.671534
-1.045137
0.837712
-2.064159
1.038310
-1.466218
2.307193
2.316689
-0.005934
0.717233
-0.974512
0.110389
1.639220
2.072469
-0.264993
2.316987
1.358795
0.017508
0.132942
-0.711891
-0.519601
-2.319063
0.495861
0.135019
2.256622
1.621558
1.615523
0.678718
-0.251450
-0.157105
0.676907
1.285619
-3.147762
-1.817889
-3.208111
-3.336250
-2.463817
-1.699205
0.511552
-2.229061
-0.698833
-1.437897
-1.496030
0.023335
-0.637880
0.516984
-2.738199
-1.578306
-0.488619
-2.399846
0.749324
-1.460426
-0.154893
-1.708459
-1.495429
-1.224867
-3.138912
0.071413
-1.629200
-0.941833
-2.864730
-1.325647
-2.624543
-4.653852
-1.724551
-2.444907
1.602649
0.584373
1.349185
1.262887
0.386832
0.825362
-0.392463
0.252140
1.154646
-0.925871
-1.960646
-3.036053
-1.788349
-0.955332
0.781006
-1.958815
0.219227
1.026442
0.621919
-0.608715
-0.599165
-1.554699
-0.813717
0.673730
1.763969
1.719269
2.344239
0.407368
-1.493949
-0.104837
-0.763124
-1.271065
-1.686153
0.955534
1.374075
-2.509214
-0.494122
-0.417524
-0.080254
-1.632109
-0.437233
2.007171
-3.578529
-2.306650
-0.113169
0.439671
-1.156883
0.427277
0.609528
-0.423416
-0.717817
-0.780600
-1.057529
-0.788119
0.420776
-0.107884
3.760926
0.855251
5.085509
5.163471
5.760276
4.506634
6.264695
-0.427626
-0.362524
1.775600
0.663462
0.704004
1.696470
1.951797
5.385663
1.365908
2.285087
3.566404
0.449066
5.144756
0.934773
3.930490
0.658004
1.843819
1.746367
-1.571727
3.263129
-0.800288
4.407619
3.194132
1.644622
3.096678
1.896443
2.516634
1.385783
5.121372
3.385530
3.814325
4.669186
4.354218
2.807828
3.553149
5.793410
3.518456
2.028199
0.929315
-2.058997
1.670351
5.933351
7.409182
0.085715
4.115973
2.214042
0.562734
-0.884602
7.148792
1.292549
0.673038
-1.239383
-2.657784
-2.708778
-3.071514
0.484616
6.539047
-1.527618
-2.184382
-3.700431
-4.472920
-1.016605
-1.437929
4.313075
-3.756124
-3.301166
-3.223047
-2.700458
-2.454174
-0.805401
5.350655
-1.879147
-0.046288
-2.857054
-2.905516
-0.129469
-0.845179
4.625900
-0.916427
-3.725384
-1.200326
0.929089
-2.118196
-0.995626
3.773127
0.589135
-1.854189
-3.445824
-4.063889
-3.440398
0.385524
8.971524
-0.162489
4.190013
2.706151
3.074393
3.546996
6.984677
2.954511
0.465007
0.991439
0.585220
1.114293
0.904254
2.834628
2.880528
0.383760
-1.095145
-0.262224
0.204762
-1.251684
-0.599423
2.238173
0.050198
-4.326415
0.228210
-0.140032
-2.725640
0.188907
2.671479
1.518537
-0.744079
1.998073
1.906594
-2.358721
2.100125
3.838946
1.166479
1.086221
-2.616324
-2.274835
-1.412524
1.623557
5.064214
1.276127
1.330950
-2.493468
-0.829946
-0.341489
2.863029
-0.415775
0.303022
0.695471
0.667041
0.838598
0.657076
1.292526
1.037133
0.980514
0.012636
-1.325089
-1.018180
-0.329025
0.556960
0.874807
-1.346957
-1.902704
-1.313180
-0.731191
-1.915582
-1.798943
1.681086
-0.864599
-1.111246
0.539222
1.789222
-0.637880
-1.189251
1.534800
-0.436430
0.010693
-0.260254
0.213112
-0.419662
-0.072415
1.201888
-0.743829
-0.560848
-1.886179
-0.960100
-1.218654
-0.023327
1.800644
-0.499612
-0.689881
-0.662910
-0.724146
-1.651682
1.142596
-5.707893
0.706699
-0.546770
-1.484710
-1.494814
0.116340
-2.105963
-0.134531
1.442563
2.106252
1.827669
2.248573
1.270795
0.806875
-0.905321
1.543024
1.368945
0.678122
-0.049077
0.528873
0.021651
-1.285228
2.968266
3.248004
3.863479
4.440852
3.780049
1.342677
-2.008385
-0.087760
-0.254332
-0.285510
0.673216
-0.114319
-1.589214
-0.885400
1.390023
0.850757
1.988755
3.000597
-0.131351
-0.314090
-0.339782
1.701226
-1.482399
-1.749434
-1.910523
-1.558617
0.496828
1.507626
-0.799036
1.366021
2.393151
2.418589
1.808077
2.564433
-0.462123
-0.476256
0.039570
-0.057094
0.381569
1.102313
1.098074
-0.046354
-0.387788
0.793101
1.442335
1.566699
1.139057
1.269639
0.003674
0.028831
-0.388636
-0.108253
0.176653
-0.097512
1.169582
-0.485019
-1.113054
0.292255
1.999993
2.308640
0.791688
1.276423
0.297625
-1.290273
0.591575
1.107684
2.567825
-0.270774
0.209440
1.784618
-0.499434
0.213396
0.254944
1.685410
-0.386093
0.295363
-7.170871
-0.158089
-1.676860
-1.990659
-1.801905
-0.419281
-2.787717
2.141612
0.014540
1.632712
0.960963
1.262074
2.233611
-0.699243
-0.884561
1.810627
2.322701
0.067940
0.125836
1.494186
1.264981
-0.345524
0.883241
0.059746
-3.395225
-3.861299
-2.693339
0.401305
0.384914
0.571027
2.829750
0.429327
-1.215809
1.875662
1.349842
0.605657
0.990571
2.148485
1.069880
-0.294767
2.644960
1.259693
-1.686905
0.405005
-1.585390
-1.758549
-0.672807
-0.221008
-2.899544
-0.503956
0.820150
1.319300
1.681897
1.845629
1.123253
1.013380
0.356796
-1.472592
-0.394747
-1.384927
-0.783030
-0.361105
0.497161
1.374155
-0.676471
-0.118823
-1.101876
0.018560
0.866553
-1.015701
1.445580
-0.548037
-0.019224
-0.647305
0.044082
0.152959
-0.876828
1.398682
0.144011
0.436507
0.092803
2.389524
-0.341883
0.416456
1.692172
-0.181133
0.748228
-0.655426
-0.691220
0.558644
1.195342
0.507602
0.387455
0.441644
-0.694039
-1.375315
0.419934
-0.854124
-4.141422
-2.610137
-0.203675
1.380474
1.436961
0.633660
-0.443381
-2.054507
-1.606239
0.012311
0.304157
-0.172175
1.027616
1.331954
0.173262
-0.577898
-0.292027
-0.423647
-0.049063
0.224678
0.264327
0.901247
-0.530826
-1.028883
-0.368790
0.383454
-0.523584
-0.389430
0.901608
-0.082013
-0.784833
-0.565406
-0.286777
-0.264508
0.099032
1.472445
-0.230470
-0.456054
-0.557259
-1.867667
-0.043994
0.857071
-0.502221
-0.562509
-1.049522
-1.204135
-2.160419
-0.281526
0.137413
3.420883
0.863164
1.442383
1.456157
1.311964
0.219514
0.429471
1.091117
2.623704
1.009801
-0.040880
-0.932258
1.141331
0.450358
1.484373
1.175768
0.993804
-0.790733
-1.615235
0.239286
0.016442
1.654562
2.070926
0.278391
-0.465462
-0.806728
0.004222
-0.450577
1.751210
2.041820
0.262837
-0.271501
-0.685198
-1.148662
-1.019800
1.924953
2.765232
0.941148
0.036659
-1.015356
1.459712
1.657896
0.940481
2.618817
0.569889
0.471019
-0.598103
1.396168
-0.068429
0.614241
-2.198152
-1.260129
-1.869325
-0.944183
-0.653732
-1.099917
-0.937184
0.814506
0.035293
2.084155
2.829477
0.943066
-0.099151
1.040819
0.971076
1.994246
2.635933
2.168745
2.640418
-0.893206
1.010289
-2.008250
1.940749
-1.817508
-2.478522
-0.085425
-2.391414
1.543861
-1.610242
3.035342
0.416494
-2.113005
1.251167
-2.061467
1.078349
0.846714
-0.566343
0.670537
2.048304
0.042857
-2.926107
-1.000762
1.221478
-1.166579
-3.807835
-2.731166
-2.945434
-3.277342
-0.524902
0.629916
-0.790648
-0.142426
-0.382800
-0.122837
-1.072127
0.746812
0.399337
-0.048813
0.292397
-0.445743
-0.093774
0.450560
0.647900
-0.722243
-0.371237
-0.456180
-1.305274
0.113845
-0.325958
0.912840
-0.814731
0.692700
0.033880
-0.697678
0.688524
-0.377822
0.720961
-0.751949
1.057192
0.369472
-0.716785
1.212304
-0.513021
0.253380
-0.065030
0.331737
1.059921
0.240373
1.249233
-1.310734
-0.295770
-1.447861
-1.052858
-1.143580
-1.628021
-1.095891
-1.241367
-12.017340
-0.648918
-3.230555
-1.206156
-1.862263
-2.095224
-7.551872
2.896931
-3.956408
0.205640
0.307740
-2.509020
0.741670
0.529199
-3.282331
-0.141290
-1.288486
2.506863
-0.700686
1.306100
2.421660
-1.005549
-1.401731
-2.926414
-2.441072
-5.350227
-1.250735
0.127625
-1.219457
0.092035
-1.383756
0.713265
-2.011821
-1.424737
-0.152792
-0.553284
-0.437164
-0.711830
0.860308
-4.361935
1.323711
1.558834
-3.650823
-0.029482
-0.034156
-0.301991
-2.030875
0.663298
-1.996359
-2.919579
-1.242077
-1.263912
-1.471509
-1.243241
-1.479077
-0.987896
-2.233467
1.259109
0.606481
0.844359
1.538769
0.888759
-0.621621
-0.877983
1.177441
-0.042799
-0.952957
1.479516
0.447363
-0.106999
-1.164773
2.038538
0.952812
1.244697
2.974028
0.313724
0.140923
-0.605749
1.028806
-0.661072
-0.620165
1.711714
-2.022960
-1.131581
-0.621474
1.203646
0.611287
0.021110
0.975815
-0.637051
-0.137715
0.041781
0.496132
1.449820
0.280823
0.424800
0.877694
0.277766
0.615004
-1.056607
-0.167645
-0.265710
-0.649095
-0.403622
-1.063766
-0.302289
0.338710
-0.284543
-0.793077
-0.290459
0.306024
-0.097287
0.381361
0.074559
0.441444
-2.387326
-1.450576
-0.195040
0.431949
0.299641
-0.454834
1.301456
-1.001192
-0.362373
0.181341
-0.453901
0.544957
0.083120
0.129040
-1.610280
-1.194208
0.077516
-1.188917
0.035800
0.778600
-0.671820
0.033777
0.184142
-0.664193
-0.736263
1.069679
1.489178
0.710422
-0.208738
-1.538833
0.055881
0.940951
-2.912761
-1.146364
0.702762
0.494284
0.426534
0.273791
0.336838
-3.653839
0.215967
0.911064
0.597914
0.114077
0.034312
0.104151
-0.204123
0.533820
-1.443144
-1.430776
-1.410748
-0.003483
-0.613936
-1.568195
0.211263
-2.143815
-1.314608
-0.694924
-0.525286
-0.958089
-1.107700
0.786188
-0.502471
-0.141250
0.218752
0.369059
-0.542702
-1.251385
0.612892
0.131669
0.405982
0.345023
0.442906
-0.166677
-0.276750
0.353034
-0.714432
-0.846449
-1.431996
-0.289289
-0.547230
6.721322
3.483864
3.912104
5.598603
5.792556
5.060166
3.198447
3.630211
1.501145
1.401304
2.150003
2.218327
2.212157
1.577404
2.889887
2.020189
2.007405
1.177158
0.545710
1.542802
2.762936
3.165607
0.837079
2.284008
0.532047
-0.292029
0.733051
0.167945
2.356739
0.829147
0.510007
0.886010
0.977034
0.604338
-0.184913
4.099883
0.852949
1.321519
1.134401
2.703649
1.462136
0.376885
3.441550
1.482855
0.803801
0.785949
0.621528
0.742529
0.237594
3.698997
1.432555
0.241703
-0.417960
-0.438419
0.615314
0.440835
1.148789
0.831856
-0.566896
-0.137753
0.549614
-0.440707
0.507425
0.926909
-0.294313
-1.040136
0.457990
0.518098
-0.528391
-0.553045
1.240793
-1.344361
-1.003157
-0.347813
-0.080440
0.575029
-0.125934
0.752432
-1.134428
-0.999090
-1.274722
-1.622028
0.386954
-0.800085
0.342094
0.073959
-1.253628
-0.941396
-0.696007
-0.439944
-0.630307
0.051340
0.058202
-1.207498
-0.266483
0.118565
-0.912550
-0.193794
3.979080
-0.994478
-0.134671
-1.377131
-1.970150
-1.014447
1.542920
-0.018112
0.881868
-0.120507
2.053743
1.576123
0.628313
-1.074584
1.311423
-0.832177
1.699649
3.581102
3.574135
0.923895
-0.737211
1.235960
0.090556
0.163231
3.118342
3.655404
0.886046
-0.951292
0.811049
-0.635974
1.034183
1.630453
0.800828
0.987746
-0.332033
-0.438378
-0.343179
1.663658
0.926681
1.313977
0.800600
0.068033
0.608578
-0.994943
0.496194
0.153016
0.119348
-0.461831
-0.070355
-4.135262
1.549057
1.002161
1.565830
1.815107
0.474205
-0.100288
-2.647536
0.553930
0.161615
-2.068894
-1.075392
-0.573409
-1.215724
-0.653675
1.752519
0.227273
-1.622107
-1.700029
-0.163601
-0.175324
-1.016049
1.565110
-1.275427
-0.679110
-1.071965
0.154580
0.514788
-0.777414
2.928921
0.274709
0.867602
0.466088
-0.637443
0.079003
-1.119763
2.125714
1.562584
0.738093
0.113996
1.249093
0.531023
-1.282101
0.114359
1.021822
-0.014790
-1.135998
0.251622
1.556812
1.575183
0.955180
-0.267188
0.039841
0.865191
1.578553
0.886797
2.874060
0.687594
-0.107431
0.576200
0.438047
0.237853
0.781943
1.805900
0.372834
-0.735166
1.346647
1.258243
0.507221
0.339536
1.922846
-0.930997
-2.121455
1.757735
1.688558
0.692946
-0.686999
2.548796
-0.353609
-1.782513
0.155992
-1.164292
-0.350834
-1.057456
2.740862
0.786303
-0.349050
-1.504422
-3.268301
-0.952007
0.869750
-0.116350
1.166472
-0.103069
0.846163
0.047374
0.312580
0.384727
2.396441
-2.912734
7.301224
5.647250
5.390123
6.352308
9.938803
-2.999464
2.915115
2.271961
0.227878
-0.129242
3.475622
2.902872
5.346589
1.286310
2.067212
-2.610713
-3.320189
3.844646
3.003546
2.736895
1.245838
0.029591
-5.710850
-6.447534
-0.590778
2.522284
3.112041
0.112238
2.615475
-3.392294
-5.706766
2.534528
-0.457452
2.181831
2.119592
2.713768
2.177750
2.853895
4.453110
1.628124
6.801254
2.326038
0.913547
1.452967
0.156452
0.766957
0.468336
4.103657
1.272418
1.982444
1.271532
1.215004
1.645497
0.714460
0.876949
-0.000001
-0.395692
-1.369512
-0.875396
0.058966
-0.285519
1.800893
0.295272
-0.594090
-0.828180
-2.067347
-0.451775
-1.412296
1.418502
-0.228327
-1.137639
-0.351799
-0.951211
-0.099977
-1.911510
1.456851
0.294384
0.397022
-0.158942
-1.372616
0.983574
-2.277938
1.373945
-0.129682
-0.519831
-3.265947
-2.961364
-0.883377
-1.468380
-0.125246
-0.536234
0.726872
-0.712466
-1.286162
-0.844584
-0.589214
6.484877
2.763738
1.967203
1.298389
1.321544
0.953014
2.943373
3.515182
3.451320
1.500937
2.141478
2.873906
1.046364
0.878916
0.974217
0.935220
-1.839243
1.603060
3.893216
0.602520
1.876534
0.817496
1.202357
-0.194259
0.013161
0.208639
2.504157
3.772565
0.770697
1.938931
1.874585
1.123873
-0.400703
1.968423
4.366068
1.433663
1.144103
0.329290
0.846745
0.233501
2.078592
1.346406
2.087852
4.798946
2.737171
1.680570
2.875613
1.967203
3.409885
-1.266387
0.622850
0.627718
0.515620
0.236211
-0.066772
-1.391870
-0.420862
1.125391
0.543758
-0.430140
-0.163203
1.157483
0.386943
-0.143887
0.384966
-0.621482
-0.413561
-1.138928
0.175524
-1.216956
-0.499497
-0.214766
-0.403674
0.988196
0.690840
1.268821
-1.301067
-0.606272
-0.064491
-0.136587
0.320628
-0.288991
0.401241
-0.866211
-0.725975
0.281690
-0.227389
0.350439
-0.344051
0.740272
-0.866060
-2.081799
-0.645058
-0.936330
-0.213397
-0.778450
-0.264503
-2.377481
-0.659660
1.039037
-1.663980
-2.064896
-2.448581
-0.959209
-2.987105
-0.367466
0.234922
-2.110765
-0.787641
0.107959
-0.979483
-2.198702
-0.692354
-0.935894
-1.543602
0.352005
0.804619
-3.435411
-2.553751
-1.027126
-1.152571
-1.862917
1.471630
2.336056
-0.255704
-2.117863
-0.481252
-1.269908
-1.342131
-0.056515
-1.216687
1.274974
-1.327435
-0.448813
0.720737
-0.758244
-0.669038
-1.900424
-1.129763
-2.457701
-1.504829
-0.463511
-0.476183
-1.019018
-0.067158
-1.715678
-0.133808
1.808970
-3.538678
0.477870
0.060266
0.468180
-0.458489
1.167546
-4.350049
-1.516548
-1.211922
-1.427407
-0.762732
-1.531664
-1.559374
-0.703046
-1.322959
-0.942756
-1.273158
-0.679790
-0.957097
-1.878924
-1.657622
-0.655569
-1.065809
-1.768078
-1.738430
-0.925121
-1.987442
-1.469653
-0.310829
-0.643168
-0.814277
-0.837919
-1.226455
-2.277730
-1.162894
-0.667584
0.061040
0.137392
1.469265
-0.506549
-1.065808
1.617704
-1.507053
-0.130222
-0.294164
-0.074220
-0.311991
1.549492
-3.428082
0.643188
-2.417632
-1.981712
-2.721090
-0.782778
-1.636477
1.557775
1.263386
-1.054821
-0.911999
-1.698334
3.065351
1.507252
-1.338522
0.049225
-0.921715
1.656878
-1.462240
0.118530
-0.937906
-1.390990
-0.457296
-3.667092
1.645864
-0.996527
-1.600527
-2.406298
-1.393581
0.676546
-2.603529
0.904222
-0.469925
-0.255203
-1.595021
-0.473490
1.861235
0.715086
1.273098
0.743261
1.338196
1.465799
1.397139
1.966167
0.926891
1.019516
0.923328
1.003325
0.599466
6.759325
2.779195
1.361066
2.304715
1.942924
3.519961
1.882793
3.263905
0.417625
0.312912
1.796487
-0.024542
1.825325
0.854476
0.525815
-0.904175
-1.219131
-1.450646
-0.902743
-0.592284
-1.326913
0.787394
-0.470189
0.523974
1.126281
2.013278
-0.215765
-0.739538
0.962054
0.142343
-0.617644
1.335710
2.947926
-0.762852
-0.214745
1.442875
0.729517
1.126690
0.533383
1.678482
0.616622
0.416605
0.822161
0.309435
-0.252989
0.374268
-0.123323
-0.201448
-0.446871
-3.993703
-0.474865
0.648085
1.380178
1.470319
0.194222
-0.901966
-0.393832
-2.505543
-0.031967
-0.232879
-0.076759
0.859033
0.133260
-0.813869
-0.529508
0.179166
-0.816844
-1.282230
-0.501444
0.626898
-0.633587
-1.191719
-0.601807
-1.477381
-0.694736
-0.040518
-0.209833
-0.853642
-0.759599
0.112258
0.508134
1.567335
1.683496
0.619834
0.163555
-0.185857
0.137162
0.350712
-1.805791
0.738969
0.967389
-0.878734
-0.880406
-0.357960
0.529880
-0.711276
1.185957
-0.581361
0.011351
0.425484
0.248658
0.130004
-0.271181
-0.456344
-0.382740
0.612776
-0.213361
-1.505068
-0.853096
-0.851322
-1.194688
-0.012769
1.288690
-1.528124
-0.865689
0.097369
-0.092934
-0.898323
-0.727704
1.322033
-1.588602
0.303283
-0.145256
-0.395686
-0.221699
0.049484
1.420113
-0.595570
1.641812
1.791502
0.843164
0.958270
0.269764
0.492527
-1.250556
-0.985937
1.226969
0.586171
-0.240853
-0.918895
0.343898
-1.024247
-1.049431
0.140823
-0.270649
-1.372936
0.031215
-1.345601
-7.298512
0.869840
-0.497784
-0.301640
-1.354819
2.440263
-5.920903
1.366598
1.119755
2.227730
3.608925
1.960148
0.881618
2.773911
1.747618
3.631461
2.207247
3.287570
1.761189
1.759139
2.028516
1.049594
2.869934
2.247960
1.514602
1.351490
1.809584
1.569911
0.535937
3.576919
2.548832
2.124539
2.031589
1.399119
1.758373
0.829127
0.998638
2.754708
4.905108
-0.713387
1.771175
0.555396
0.058894
0.050700
-0.669601
-0.046604
-2.196492
0.313931
-10.437645
0.538774
-3.400019
-4.256760
-4.854268
-4.385270
-7.720812
-0.693339
-5.839516
-5.662870
-4.337575
-2.852411
-3.634959
-4.065096
-2.428902
-5.123655
-5.131603
-0.683185
0.109078
-2.442149
-5.098042
-0.629306
-3.032148
-1.469264
0.948595
-2.924397
1.162781
-1.598659
-0.202703
-2.692546
-3.026412
-1.869810
-4.096893
0.028704
-1.168083
-0.870428
-5.413360
-5.208446
-4.396751
-5.518461
-3.615970
-4.211715
-4.173735
-1.697580
-3.094859
-2.259761
-0.864245
-1.685215
-1.202970
-5.453546
0.693595
-3.937024
-1.411000
-2.111674
-1.183232
-4.193101
1.762944
-2.511872
0.072704
1.085432
-1.341510
0.979269
0.599656
-3.301661
0.529847
1.943099
4.814960
1.661285
3.207077
1.363065
-0.509583
1.759727
0.950959
2.863498
-1.711473
-1.207683
1.380436
-0.355807
0.119994
-1.037179
4.300553
1.561877
-1.439630
2.608706
-0.157959
-0.817452
-1.459254
3.114427
0.354840
0.152486
1.075135
-0.931657
0.580356
-1.137231
-1.910607
-1.268165
-0.096194
0.645983
0.929939
-0.245155
0.996373
-0.157267
0.064187
-0.437891
2.625795
-1.961946
1.229246
1.307102
0.636682
1.116095
0.231142
0.823360
-0.120416
0.955888
1.067136
0.284256
1.811084
0.733222
-0.209517
0.264015
1.969043
0.585472
-2.406071
-1.641186
-0.233391
-0.465052
0.623708
1.961084
2.017487
0.129758
0.543776
0.617996
1.143258
-0.996025
1.402604
2.193439
2.016275
1.842225
2.656589
1.371636
1.916275
1.124748
1.277516
1.701568
1.520249
2.109529
0.627686
-2.636378
0.967440
-1.053177
-0.334931
-0.288699
-0.485653
-1.771993
1.226225
2.029776
0.596008
0.126816
-0.783654
0.606457
-0.148000
-0.619912
0.090031
0.208689
-0.312891
0.002863
0.793964
-0.173621
-0.239033
0.732844
0.344952
0.085880
0.078294
0.184499
-0.468333
-0.393904
0.528593
-0.165034
-0.022043
0.475346
-0.546197
0.135118
0.041795
0.839765
0.973738
0.699924
-1.426470
1.345599
0.893154
-1.503619
0.401918
-0.243470
-0.455879
-1.038578
0.602878
-1.315111
4.235678
2.397996
-5.470978
-5.178717
-4.706269
-2.156374
-7.146336
2.980275
-0.488087
-0.002607
-0.885708
-0.250561
-0.970964
-2.294867
-0.777365
-0.048400
1.504844
0.907670
1.093823
1.846616
-0.292256
-0.449366
-0.626213
1.907301
-1.133658
0.357037
0.648551
0.235665
0.000371
-1.280718
2.665308
-0.728222
-0.438200
1.568140
0.861132
0.811989
0.771410
-0.955326
-0.288535
-3.885715
0.199554
-1.346990
-2.387571
-0.413257
-1.657118
-1.406186
-1.360391
-1.039467
-5.135905
5.240048
0.059528
1.297131
-0.376368
-0.416052
1.167195
1.148312
-3.044880
-0.298922
0.232668
1.576205
2.954309
1.397306
-1.909688
2.039309
-0.858033
2.416000
4.059414
1.286887
-0.025923
-0.898360
0.731938
-0.471423
3.106969
1.409785
0.888117
0.358768
0.339566
0.964287
-0.335404
4.222315
-0.120018
0.342766
2.555218
-0.229151
0.356527
-1.276328
0.619922
0.914681
-0.034244
0.685850
0.979649
0.195228
-2.342389
-0.106255
1.438913
0.673687
-0.900278
0.973887
-7.549828
-1.989304
-2.027153
-4.120638
-5.143356
-4.357079
-3.228470
-0.625546
-1.131159
-0.227083
-0.538788
-2.060745
-0.719517
0.324886
1.481136
0.359329
1.930193
-0.224957
-3.759178
1.877039
3.104301
1.723099
-2.039486
0.176905
-3.114933
-6.324268
0.194338
1.721397
1.257029
-0.647228
4.480822
2.051394
-4.815071
3.641813
3.224220
0.241539
0.617884
2.031830
3.581001
-0.464794
4.705778
2.756874
-0.443106
4.070887
2.308664
1.442434
1.257030
2.613140
0.599598
1.632690
4.257220
1.220178
1.663845
1.580236
2.456529
2.620584
3.727184
3.410114
0.194029
0.558820
-1.401194
-0.244113
1.603901
1.072289
1.070712
-1.130262
0.299325
0.151041
-0.164844
0.141971
0.412508
0.319439
0.981584
5.290071
6.008612
1.734042
0.719332
0.218876
2.294046
-0.969752
2.450611
3.197545
-0.283945
0.022872
1.134205
1.675282
-0.565130
0.360456
-0.804907
1.666604
1.322320
-2.446274
0.925194
-0.653865
1.265925
0.222819
1.617703
-1.202038
-2.086860
-2.196511
-0.019731
-0.521191
-0.213366
-0.879478
-0.885240
-1.212970
-0.970097
0.590509
0.458682
0.560826
0.937445
0.881921
-0.706622
-0.417128
1.230954
2.226717
2.725035
1.163383
0.158714
-0.561525
0.625953
-0.176350
-0.749922
-0.482080
-0.069318
-0.651096
-0.674319
0.652143
-0.498842
0.129381
0.127285
-0.512287
0.820810
-0.834081
-0.187699
1.504033
1.594129
3.300703
0.851541
0.985985
-0.046795
0.219302
-0.159588
0.064603
1.115716
0.167967
-1.385479
7.140203
0.961921
1.180923
-0.005935
0.011246
-0.207130
1.081574
-2.121595
2.578033
0.402076
-3.127878
-0.488303
-1.252153
-0.827268
0.855075
0.631388
-0.855387
-0.305853
2.858894
0.690747
-1.005345
-0.642008
-0.609830
-1.267457
1.214663
1.225286
0.736671
-1.317445
-1.225908
-0.714798
0.582026
0.349277
-0.466119
0.986290
-1.218097
-0.288043
0.302415
0.333348
0.112159
1.566129
1.565505
-1.185294
1.076889
0.426132
-0.000312
-0.242745
1.238095
-0.368334
-0.902561
4.927132
0.285798
1.277506
1.513403
1.457268
-0.647995
0.049229
0.672503
1.488898
0.762714
-0.177759
0.062150
0.129198
0.712819
0.899265
1.554613
1.387768
-0.053461
0.343935
-0.348834
0.409427
0.636636
0.971440
-0.649334
0.250155
-0.446403
-0.034307
-0.775635
1.364824
2.235354
-0.399401
1.392669
1.105759
-0.409646
0.701010
1.984978
1.383090
2.157165
1.721233
1.710094
0.897260
0.320991
1.218031
1.360816
0.832883
-0.687870
-0.637303
0.807932
-0.144347
6.543221
0.814485
-0.345917
-0.656460
-1.021670
0.603627
1.252507
-1.673534
-0.746496
-1.230000
2.088815
0.500499
0.052372
-1.690530
-0.174337
-1.995790
-2.138429
1.523316
0.126330
-0.942884
-2.569790
-1.228391
-1.324633
-0.547354
-0.451574
0.032387
-1.305795
-2.750557
-1.814335
-2.031853
-1.818238
-1.316823
0.166066
-1.791823
-1.760587
-2.170356
-2.403264
0.364288
0.541842
1.984535
0.558378
-0.544370
-0.262540
-4.168673
-2.796038
-0.851927
-1.659060
-1.988441
-2.177018
0.492097
2.188523
-0.011941
1.730723
2.086902
2.671728
0.015497
1.612082
0.483840
-0.180757
-0.087013
-0.151541
-0.029342
1.106139
0.286570
-0.275518
0.170468
-0.028199
-0.294064
-0.221405
0.339794
0.710453
0.325566
0.647068
0.000636
-0.329124
-0.548370
0.921316
0.855263
-0.309307
0.727602
-0.036710
-0.360244
0.055511
0.310959
0.947229
0.429473
-0.340937
-0.288093
0.036964
-0.475837
0.010416
-0.800134
-0.296605
-1.252473
-0.541129
-0.321882
-0.620392
0.076724
-13.561745
-3.887689
-5.682916
-3.890644
-3.337232
-2.912235
-5.654671
-2.322696
-1.782087
-0.820429
0.533380
-0.156334
1.499637
-0.034485
-4.315966
-0.265702
1.049350
-0.490682
0.147468
0.592826
1.093358
-2.729952
0.520242
0.967244
0.703837
1.398805
1.052964
1.633965
-2.428778
0.210855
-0.872981
-0.177685
0.748506
0.934728
2.208726
-1.748589
-1.800479
-1.417527
-1.329507
-5.965695
0.051893
0.897941
-3.049849
-0.449301
-1.908863
-1.496021
-2.465563
0.264392
-0.450615
-10.012350
-4.189240
0.591329
-1.351213
-1.684850
-3.262886
-1.772601
-3.371091
2.152366
-1.058843
0.096416
0.156763
0.570521
-1.616179
-1.370632
-0.722079
2.891089
2.437797
2.348665
2.574098
2.352134
-0.947862
2.481498
2.787394
1.286355
1.651557
-0.162314
3.319762
-0.862544
0.507743
0.453639
0.777572
2.305316
-0.634334
1.805892
-2.788781
-3.499416
-1.250634
0.030519
2.992362
1.270055
-0.442887
-2.296295
-2.319880
-2.951093
-1.626586
-1.545775
-1.805198
-3.013519
0.920533
2.537564
-1.379333
-0.557152
-0.019036
-0.009030
-3.620383
1.875473
0.901251
-0.601811
1.770047
2.132207
0.302858
-2.663733
-0.472712
-0.565205
-1.108690
0.448795
1.846189
0.040023
-1.185075
0.631584
-1.062565
0.638174
-0.378023
0.877824
0.360208
0.475153
0.450747
-0.545681
0.384368
0.195479
0.087856
-0.331410
-0.929318
1.530640
0.794605
0.771665
2.007745
0.426588
0.264299
-1.691466
-2.409928
0.239650
0.321648
0.420729
1.336382
-0.491260
0.150818
1.513143
2.350979
1.326070
2.097620
3.043493
1.346308
0.769954
0.605351
2.012370
1.020925
0.204280
1.853025
-0.180697
0.699206
-0.271046
1.283844
0.160779
0.464013
0.938384
-0.167153
-0.380198
-0.010199
2.002173
2.705682
2.941034
3.571882
2.078818
0.623358
-0.244595
1.932061
0.816803
1.049767
3.267851
0.452063
-0.215116
0.377010
1.438250
0.762945
-0.568385
1.752638
0.203643
0.788281
1.012319
0.727570
1.070959
-0.171933
1.080519
0.896476
2.150842
2.261421
3.316597
2.964388
4.216913
4.384867
4.156660
-1.343927
2.691351
1.384975
2.723368
3.192591
2.411039
4.105429
-0.305346
1.575052
2.973989
3.860628
0.623791
-0.425852
4.728346
2.992910
1.202755
1.963062
1.727867
-5.944487
-8.478647
0.373459
1.662954
1.288916
2.947214
0.394419
0.421198
-0.760305
0.540249
2.680292
2.060865
3.335224
3.145437
4.259703
2.361845
3.167852
2.346708
-1.194017
0.861025
0.920988
0.381319
-0.194151
1.188782
-2.739958
5.155008
2.157080
1.586287
2.000315
2.439559
1.973402
2.071638
2.180038
0.823726
-0.114422
-0.950002
-0.182924
0.814881
1.011354
1.341257
-0.548585
-0.245781
0.430776
0.726429
0.924973
1.165862
1.154946
-0.559312
-0.129288
1.563517
1.187694
1.143279
0.415344
1.307760
-1.328460
-0.702715
0.549337
-0.789284
-0.099931
0.606739
0.380342
-0.776111
-0.788908
0.379400
1.120883
-1.164543
-0.914433
1.594193
-0.085252
-0.754844
-1.040711
-0.581140
-1.876482
0.217178
-2.828331
0.867453
-0.168010
-1.532701
-1.846080
-2.116890
-0.931985
3.009024
-0.822619
1.067164
0.221449
-0.164839
0.038043
1.771814
0.843223
0.865867
0.696725
-1.781774
-1.391411
-0.793182
1.312614
1.163170
-0.627435
-1.334122
-1.773172
-1.262573
-2.029488
-0.122725
1.029350
0.167559
-1.344765
-0.018342
2.043529
-0.307718
-0.408480
0.876510
0.295489
0.530977
0.463050
-0.669326
0.605020
1.488094
0.079704
1.368539
0.587584
-0.362967
-3.042763
-0.283715
1.389598
-0.120615
1.429518
-3.345559
-2.675473
-2.258803
-1.350325
-3.633090
1.303219
-2.220221
-2.448048
-2.497998
-1.558660
-2.471197
-4.546031
-2.824515
-2.319718
-1.859592
-0.334232
-0.560840
-1.978179
-3.772795
-0.638409
-1.496525
-0.466622
1.864063
-0.138890
-2.255961
-2.057776
-0.858118
-0.422764
0.362659
0.962082
-0.333010
-2.257177
1.370226
-0.309051
-1.632576
-2.203980
-1.044929
-1.719482
-3.262713
-2.234030
-2.779442
-1.054674
-2.870001
-2.575972
-2.049652
-2.091481
-1.875023
-10.431890
-3.936474
-5.909251
-3.235908
-2.772130
-4.426762
-8.257555
-2.041054
-2.925390
-0.639918
-0.423827
-0.984573
0.086073
-3.401878
-5.309282
0.318143
-0.875981
-2.389703
-2.337043
0.100965
-1.323779
-3.948457
0.609410
-1.036145
-2.164534
-2.996936
-1.122942
-0.300709
-3.965528
0.302891
-5.117162
-2.411129
-3.490494
-4.025816
-1.510816
-3.746532
-0.875982
-2.649738
-2.187778
-4.582565
-0.793904
-1.580182
-4.131138
-0.391506
-2.495751
-1.707657
-1.228990
0.515350
-1.794819
0.738327
-1.389413
-1.095388
-0.456987
-1.528738
-1.060028
-1.110183
0.540966
-3.461616
-0.503304
2.522271
1.920576
0.285377
-0.354367
1.516246
-1.576587
-0.062074
1.092886
0.173148
0.161038
-0.090322
1.492416
-2.594529
0.675682
-0.851904
-1.329262
-0.691441
-1.900591
1.727060
-2.444249
-0.029594
-1.319651
-2.784012
-2.282633
-0.693936
1.536037
-2.075472
-1.281988
0.962016
0.636860
-1.057336
1.000646
-0.635518
0.507338
0.262507
-0.236759
-0.639168
0.375889
-1.395947
2.702821
1.340169
0.707765
0.421426
0.500478
0.056740
1.722948
0.061308
-0.730777
-0.524896
-0.343254
-0.301270
-0.732358
-0.018622
0.853043
-0.893270
-0.552650
0.910485
0.773113
-0.116819
0.018269
0.481856
-0.744128
-1.828525
1.025548
1.957994
-0.796829
-0.111901
0.330254
-0.820544
-0.860771
-0.932444
-0.723751
-0.981455
-1.295373
0.170398
-0.588486
-1.486325
-2.694918
-0.243826
-2.117147
-1.239336
0.911541
0.552652
1.111274
-0.570744
-0.824759
-0.463411
1.004469
-10.720031
-1.318963
-0.239318
0.954071
2.212520
0.610567
-0.272530
-5.155728
0.142405
-3.372702
-2.349472
-1.757095
-0.735235
-1.637895
-0.539144
-3.232569
-2.559212
-2.892253
-0.783460
-1.015040
-0.679730
0.494099
-0.831690
1.709779
0.229758
1.598768
1.857192
0.176982
0.922229
-2.387687
-1.524611
-1.604680
0.892198
-0.532319
-2.163390
-1.735712
-4.117036
-4.543343
-3.458688
-2.081039
-1.934082
-3.151588
-4.117944
-0.815767
-2.370400
-2.244375
-1.827165
-1.838540
1.253446
-4.529978
-2.853238
-5.407672
-3.150118
-0.544844
-1.597601
-2.994725
1.152520
-6.613430
-1.966426
-0.264268
-0.798560
-0.330933
-0.116067
-2.682974
-2.550117
2.260912
1.542927
-0.904556
-0.537650
3.208634
-1.870984
-2.009593
0.579856
-3.121341
-2.882493
-1.254674
1.371702
-1.802397
-1.732374
-2.271942
-1.607674
1.444125
-0.027819
0.825900
-1.405756
-2.910792
-0.708394
-0.308873
-0.943405
-0.412949
1.058514
-3.152038
-3.152036
0.452758
2.103595
0.893044
1.249881
2.847001
-0.194674
-0.114191
-1.387066
-2.166889
-2.116245
-2.178501
-0.927560
-0.121772
-0.255157
-1.234006
-0.512248
0.298863
-1.980925
-1.757865
-0.585954
-1.354003
-1.718672
-0.372249
-0.210964
-1.747866
-2.019472
-1.218683
-2.332369
-1.902216
-1.735447
-0.844982
-1.156910
-1.547385
-1.228684
-1.661577
0.261607
-1.262876
-1.156909
-0.972398
-1.605610
-1.005140
-1.344486
-1.615127
-0.292091
0.410475
-0.955303
-1.099491
-2.117696
-1.921410
-1.301423
-1.034816
-1.060138
-2.040117
-1.359649
-4.929732
0.897738
0.104915
1.313666
1.231127
-0.249361
-1.690566
1.824316
0.959644
3.058676
2.164169
1.537416
3.074586
0.318720
-0.331898
2.495570
2.522172
-0.989479
-2.112211
2.083868
2.550263
0.333141
0.587222
1.840725
-0.630482
-1.986662
0.604126
2.164418
0.494491
0.905942
1.312424
1.109559
0.060909
0.802023
3.007961
1.121242
1.742773
1.221929
0.997184
0.155384
2.258891
2.912991
-1.164252
3.520349
2.768545
2.271322
2.425711
3.496233
-1.611008
-4.206552
2.933614
-0.086771
-1.291953
-1.721219
-0.039778
2.134751
4.115848
1.674228
-0.943556
-0.339217
-1.130649
-1.177641
1.125623
1.955745
-0.326102
1.062240
-1.388121
-1.444293
-0.142067
0.702477
1.885802
-0.289384
0.896347
0.280422
0.533744
-0.761706
0.459211
2.021532
0.258350
1.442546
1.177861
1.049343
-0.288071
0.784003
1.824603
0.738759
-1.570845
-0.748593
-1.541993
0.328072
0.685210
1.949185
1.939352
0.221848
-0.506199
-1.226600
-0.355390
0.751874
-2.413582
-1.155121
0.139278
-0.267777
-0.940809
-0.106032
-0.748965
-3.673832
0.948450
-1.959350
-0.826692
-0.947550
-2.235212
0.276765
0.520278
-0.959680
-3.623063
-0.915648
1.163658
-1.583746
0.761544
0.735936
1.247677
2.113903
2.344839
2.180851
1.197356
3.379104
0.506351
-0.522523
0.808273
2.183993
1.604858
1.018988
1.537464
0.725153
-1.009552
-1.937783
4.554891
4.630822
-1.358648
-1.198253
2.543424
-1.805242
-3.461323
-3.924088
-3.632946
-4.979018
0.872520
-0.704592
-0.410229
0.791984
1.148769
1.668291
0.515139
0.393579
-1.378530
1.033564
-0.208728
-0.206539
1.365822
0.806001
1.115700
0.747740
1.422331
-0.675905
0.403875
0.397524
-2.263377
-0.387670
0.837980
-0.021027
-0.873243
3.791494
3.979418
0.197338
0.933912
1.406998
0.663637
2.512405
2.910149
3.214809
2.289440
1.261131
1.181404
0.577780
-1.482784
-2.468821
-0.543832
-1.292889
1.259815
-1.286539
1.717354
1.823360
1.320267
1.618574
0.145430
2.488750
-4.925638
0.529796
0.613568
0.499401
0.312102
0.670936
0.810366
-0.215604
0.039701
1.174516
-0.221492
0.925860
0.434056
0.423798
-0.974681
-0.010259
-0.777123
-0.333569
0.096309
-0.529415
-0.741981
-0.505861
-0.284559
-1.219157
-0.065916
1.048194
-1.199781
-1.411207
-0.259864
0.329008
-0.429497
0.336418
1.253730
-0.893758
0.489144
-0.290448
-0.462930
0.194329
0.087001
0.469388
-0.410312
0.840379
-0.021846
-0.178373
1.271586
1.478831
0.964233
0.948655
-0.835059
4.103785
0.911260
-0.154090
-0.130446
0.099960
1.020348
0.717976
-0.541281
1.203884
0.142062
0.354633
0.013273
0.180427
-0.027583
-0.801762
0.402332
1.505424
1.577184
1.215501
-0.337628
0.568449
0.872479
-0.009333
1.609120
0.906077
1.756574
-0.102450
0.766920
1.049175
0.504367
0.730005
0.144756
1.327489
-0.224187
-0.109916
1.436367
1.419361
0.107219
-0.945272
-0.155539
-0.365210
0.356293
0.924534
0.738093
1.169460
1.147061
0.892805
0.607025
0.570317
-5.538871
2.665818
-1.671265
0.034490
-0.162045
0.243212
-3.813790
2.336679
-0.067789
-1.860360
-1.019825
-2.499018
-0.556889
-1.120619
-2.916760
-1.882363
-3.549170
-0.731419
0.260160
-2.535591
-1.450355
-2.351245
-0.958574
-4.104573
-1.602879
-2.187421
-3.269088
-2.554026
-0.642816
-0.387414
-3.576226
-2.300999
-3.536979
-2.318838
-2.931923
0.257785
0.578895
-1.543117
-0.875327
-3.782867
-1.119131
-2.053327
-2.943518
0.122798
-1.975429
-2.663733
-3.263141
0.285134
-0.061843
-1.481826
0.225141
-0.821490
-1.555339
-1.235412
0.171157
-1.334326
0.318023
0.280711
-0.130194
0.891035
1.312735
-0.725750
-1.329881
-0.692090
-0.231015
-0.293253
0.522681
1.041710
-0.420430
-0.911831
-0.800215
-0.227839
0.457902
-0.471397
-0.065731
-0.342790
0.133846
-0.553799
-0.230378
0.191322
-1.316702
-0.570312
0.672721
-0.308178
0.712574
1.121096
0.746867
0.070495
0.759253
0.590001
0.394075
-0.057474
0.237367
0.390424
0.357557
2.077861
0.686852
-0.653668
-0.224713
1.870477
-0.564455
-0.273346
-0.088817
0.586528
0.350433
1.812014
1.553500
0.680691
0.542897
0.827453
0.938860
0.578078
-0.257481
1.059752
0.354918
0.850907
1.087863
0.424073
-0.655340
0.311113
0.106234
-1.221003
-1.386734
0.027075
-0.277140
-0.349744
0.308009
0.674137
-0.738982
-1.195305
-0.569284
-0.916787
-0.492712
0.428385
1.567469
-0.332155
-2.152447
-1.196512
-0.557385
0.293869
-0.070190
0.871257
0.986976
-0.288005
-0.307837
0.650683
-0.215228
-6.737266
1.584846
0.517279
0.989288
1.071172
0.060781
-1.063417
2.848645
3.168428
2.699126
3.147867
2.838364
3.221816
3.222717
1.661860
3.380354
3.278269
3.253379
2.122146
2.753054
2.221705
1.885148
2.543293
1.408631
1.525687
0.071964
0.729927
0.949789
1.633183
2.117817
0.961333
3.517429
2.181846
1.515407
0.416636
1.662943
2.784437
1.783966
1.050972
-0.444954
0.644435
1.309792
0.845721
2.065692
1.971002
0.483372
-0.145193
-0.007756
0.916061
0.485592
0.890027
0.367394
0.576840
1.057914
0.510587
0.242270
-0.343303
2.242760
1.319758
1.826280
1.815139
1.171446
-0.082211
0.646553
1.739250
0.900418
1.551487
2.435942
0.716269
1.113625
0.398712
2.004255
0.902826
0.184750
0.249196
-0.290903
1.114079
0.195593
2.501292
1.373361
1.477707
3.019105
-0.165930
2.561669
-0.903730
2.373908
1.762287
1.011388
1.561124
1.762437
1.205024
-0.944835
-0.359715
-0.096367
0.370555
0.326588
0.500047
-1.540946
-1.158215
-5.028921
-2.312008
-3.041874
-3.421219
-2.634086
-0.249247
-4.299824
-4.068642
-1.414571
0.358398
0.771951
-0.776564
-0.300939
-2.343909
-1.527566
-0.565559
0.376655
0.549032
1.658049
1.865404
-2.742663
0.367622
-0.660684
-1.572919
-1.727233
-0.773296
2.191517
-2.767262
-0.849203
-1.287161
-1.117090
-1.524107
-2.177104
0.751003
-1.812942
-1.547552
-1.047716
0.265004
-0.736398
0.378961
0.094934
0.458521
0.356093
-1.228356
-1.218173
-1.597709
-0.345907
-0.039394
-1.556328
0.424545
-2.991985
0.263871
0.204372
-0.646398
-4.822265
0.466561
-2.556346
-0.782535
-1.562378
-3.026270
-0.873628
0.711608
-2.386930
1.794652
-0.375805
-2.203735
-2.292810
-2.269282
0.560009
-2.090790
-1.240692
-1.714987
1.918692
4.006117
-0.850100
-0.157983
-2.322392
0.297149
-3.656195
-0.539506
1.856165
-1.526077
-0.111602
-0.564042
-0.223533
-0.750602
-0.244709
-3.642077
-2.150622
0.348913
-3.903929
-0.651775
0.249418
0.472950
-1.097497
0.480344
-2.096840
2.030333
-1.351276
0.476205
0.051207
-0.891176
0.729504
0.873247
0.952109
-1.372703
-0.417402
0.596395
-0.149366
0.834195
1.388200
2.091111
-0.877048
-0.667358
1.419501
1.706530
-0.678452
-0.379264
0.765058
-0.587280
0.715676
3.138341
2.680217
1.491371
-1.153593
1.545313
-0.528780
-1.233973
-1.049962
-1.359938
-0.048169
-2.226954
2.061481
0.051966
-0.598069
-0.904398
-1.783113
-0.618127
-0.805781
1.556102
-0.459949
-0.960923
-1.465086
-1.070173
-1.186566
0.714003
-0.969903
-4.493298
-3.280690
-3.091047
-5.112982
-5.268021
-0.123663
-2.697916
-8.161577
-0.106586
1.020197
-1.236140
-1.918119
0.674594
-1.022042
-1.869668
1.340421
-2.639777
-3.759178
0.903920
0.937140
-0.895614
-1.106944
0.570774
-3.532162
-3.107656
-2.890789
0.599381
0.050292
1.183540
-0.358522
-0.192411
-0.993897
-3.066590
1.403636
-0.137503
-2.824806
-0.210406
-3.445877
-5.743281
-1.022504
2.953079
0.215018
1.506991
0.176722
-3.028292
-3.553385
2.149751
-4.016190
0.276060
-0.887998
-0.488047
-0.475784
-0.773370
-1.531472
-1.090475
-1.332497
-0.403703
-0.213741
-2.767110
-2.374167
-2.546863
1.272431
-0.105118
1.273182
-0.285071
-3.295956
-2.426228
-3.135775
-0.599425
0.449256
0.200725
-2.284820
-1.618569
-1.528219
-1.974719
0.058064
1.836315
0.532600
-1.000874
-2.370164
-1.460891
-0.144413
-0.037793
1.397073
0.446754
-0.524840
-3.358275
-3.460639
-3.456636
-2.199972
-1.540982
1.253409
0.158429
0.163183
0.590163
-0.093354
0.407459
2.178560
0.984252
1.924189
1.635333
1.101509
0.840657
3.452088
0.885386
0.186441
-0.802409
-2.970519
-2.549983
-1.308432
0.391902
1.970381
-0.272137
-0.172649
-3.497865
-3.754534
-0.477808
0.840655
-0.216542
-1.758445
-1.005571
-2.658043
-3.122055
-2.928508
0.021318
0.121018
-1.428826
0.741167
0.647527
0.058106
-0.255210
-0.586706
1.064930
-0.436006
-1.183025
-1.320974
-0.152790
0.807006
-0.034905
2.871446
0.912768
0.336096
-0.227617
-0.322720
0.745139
-0.068976
1.654646
5.416751
0.845278
2.613763
2.715633
2.375129
-0.238888
4.265607
4.112798
-1.375009
-2.099823
-1.740981
0.202978
-3.259626
-0.358077
-0.618359
-1.399457
-0.675662
0.780843
-0.946639
-1.489104
0.579139
-1.552773
-0.440084
-0.092958
-1.135865
0.001527
-2.449750
0.588053
-1.950581
0.225644
0.275308
-1.144524
1.647258
-1.753461
0.190244
0.543739
0.215456
-2.342785
-0.377433
1.431292
-0.637714
0.116386
-1.792425
-0.609190
0.975927
1.481209
0.256969
-2.242442
5.407186
-0.880198
-0.117372
-1.095349
-1.314223
-0.112083
1.844656
1.751580
-2.226753
-1.770195
-1.640085
-3.094217
-1.405732
-1.341460
0.477133
-2.378417
-1.293845
0.920564
-0.508486
-0.842968
-0.505937
-0.623899
-2.318261
-1.956736
-0.212407
-0.826509
-2.116238
-1.043032
-0.765960
-2.066076
-1.649294
-0.126975
0.014499
-2.130739
-2.076462
-0.236903
-1.450604
-1.906968
-0.891171
-1.630091
-1.172750
-1.493713
1.247994
-1.869931
0.197515
0.057021
-1.201162
-0.931342
0.463222
7.348858
-2.474869
2.006981
0.556790
-0.414062
0.491025
4.315738
-2.248353
-0.705608
-0.254282
1.404154
0.905332
1.708855
0.444506
2.830231
0.742143
3.666878
3.338309
1.113337
2.788093
2.130467
2.178693
1.402207
2.266132
1.763414
-0.977671
0.557276
1.131117
1.835023
0.312737
0.037021
0.868066
-1.128440
1.129413
0.841274
0.783793
-0.397012
0.051879
0.078185
0.645448
-0.320532
-0.155395
3.589669
0.885362
1.376388
-0.650077
-0.412600
-0.307868
2.819757
-1.122311
-0.854203
2.291240
1.203901
0.610759
1.949398
1.752050
1.147247
0.904625
0.490396
-2.480466
-1.282794
-0.142324
1.406678
3.196402
-2.340584
-0.997880
-2.105274
-2.404019
-2.084943
-0.685586
2.229707
-1.310988
2.692455
-2.041844
-1.774819
-1.893559
-0.050154
1.721138
-2.413237
4.206217
-0.741431
-0.455162
1.362491
-0.137442
1.470114
-0.943664
0.705370
-1.174898
-0.332084
-1.320471
0.868295
0.600188
-1.597800
-0.110337
0.636243
2.164101
-1.833375
1.996837
0.955319
-0.227995
0.578410
0.433773
0.158853
0.423007
-1.299522
-0.929512
0.181211
0.463169
1.722806
1.377914
1.704587
-0.812201
0.724564
-0.670187
-0.553289
-0.671980
-0.364213
0.398579
-0.741263
0.071905
0.094676
0.234207
-0.183693
0.280303
-0.691164
-0.710071
0.630578
-0.112894
-0.906187
-1.411449
0.229238
-1.452713
-0.632233
0.836216
0.460132
-0.079633
0.045821
0.368769
0.310528
-0.857054
0.339511
0.552463
-0.938619
-0.780045
-0.939862
0.350828
-1.043508
-2.289874
-0.208612
-0.080656
0.016607
-0.118320
0.561501
-0.319816
-0.350361
0.515682
-0.888728
-0.586555
-0.700870
-0.368004
-0.888875
0.023872
-1.969020
-1.393290
-0.672994
-1.320932
-1.744984
-2.638753
-0.060048
-1.627554
-0.935580
-0.599155
-0.697458
-0.804361
-2.252955
-0.114759
-1.752992
-0.576027
-1.688789
-2.054721
-0.114316
-1.972578
-0.560014
-1.450372
-0.322338
-1.365711
-1.356666
-0.161168
-1.035663
-0.496258
-1.593156
-1.659580
-0.718364
-0.622584
-1.370455
-2.750844
0.945885
-0.351815
0.075293
0.398702
0.453556
0.961514
-0.023293
-1.237585
-0.161256
1.001790
1.414320
0.407869
0.155092
1.096767
-0.199124
1.148018
1.290934
1.547620
0.560257
0.316346
0.426954
-0.081903
0.311989
-0.014878
0.331074
-0.247217
0.090472
0.459717
-0.071534
-0.093326
0.384275
0.106552
-0.837379
1.036807
0.342346
-0.232489
0.795601
0.559057
-0.102343
-0.341446
1.220153
0.471290
-0.167717
0.674172
0.962564
1.099925
1.019523
0.934012
-0.015331
-1.921515
-2.862545
-0.378803
-0.919819
-0.894240
-1.228181
-0.446026
-2.555338
-1.021492
0.753877
0.544358
0.890384
1.162370
0.407338
0.439216
0.695777
1.070851
0.574180
1.066352
0.808505
1.515979
-0.230468
1.037431
0.829971
0.523793
-0.025965
0.957995
0.589990
-0.313633
0.332142
-0.532533
-0.472120
-0.316717
-0.189466
0.212345
-0.901566
-0.268130
0.514024
0.498857
1.070850
-0.460423
0.730225
-0.460808
0.108616
0.247180
-0.214915
0.822131
-0.012467
1.047844
-0.000376
1.019764
0.969748
0.623410
1.207373
1.861169
2.494016
0.195157
2.801096
1.177362
1.692247
0.869527
2.398514
1.209638
0.930492
0.729481
-0.926526
1.983096
1.533516
-0.455998
-0.921241
1.168114
1.147542
-1.031844
2.186558
1.988003
-0.379557
-0.909918
1.218130
1.200010
-0.268955
1.397245
0.405604
0.485628
-1.589572
0.844991
0.943324
0.730425
-1.236816
-0.624919
-0.028499
-0.042278
0.856692
0.245551
-0.466188
0.084744
0.657950
-0.470719
-0.234415
-2.211580
-1.602790
-2.467006
-2.301448
-2.745770
-1.739991
-2.910672
-0.820155
0.655906
-0.166430
0.131094
-1.410184
0.420768
-0.745335
-1.171771
-1.623293
-2.248662
-2.108405
-2.076779
-1.269055
-2.034460
-1.678914
-0.981347
-0.290760
-1.347799
0.846330
-1.605844
-3.776854
-2.313663
-2.723741
0.145056
-2.077869
-0.187806
-0.937072
-2.545313
-1.856688
-1.325768
-2.068706
-0.687096
0.452395
-1.254443
-1.928670
-1.857778
-1.467115
-3.467765
-3.230012
-3.282796
-3.279743
-3.985817
-2.678657
0.436164
0.788101
0.208882
1.338812
0.843561
-0.764776
-3.544247
-2.970731
0.140463
-1.592267
-0.937634
0.470114
-1.456727
-1.042073
-1.004237
0.826715
-2.487141
-3.527401
0.889172
-0.625867
-2.418463
-1.792856
-0.509505
-2.405248
-2.616980
-0.099775
-0.712945
-1.961048
-1.064363
0.456638
-0.723567
0.141760
0.270562
-0.153421
-1.675197
-0.632346
1.114381
-0.163788
0.558746
1.062031
0.768405
-1.085873
1.417078
2.734118
2.404470
1.061772
2.631235
-1.625957
-11.335184
-3.147393
-4.333574
-4.891611
-4.482679
-6.276388
-6.733855
0.469525
0.880357
1.880000
2.339370
4.453179
2.256886
0.656701
-2.769870
1.866992
1.863184
0.803584
2.804453
1.744535
3.259384
-1.581786
3.093781
1.912676
-1.431414
0.437163
2.160760
3.275879
-1.285163
2.735608
0.887019
-1.887927
0.975214
1.391439
3.105519
-1.629691
1.897130
0.410516
1.505012
0.799778
0.514571
3.187366
-4.311054
3.245742
2.490378
1.779114
3.063007
1.524683
3.060468
-1.337530
0.572095
0.677252
0.477737
0.715833
-0.216491
-0.596786
-0.013007
0.145063
0.687393
-1.650364
-1.442910
-0.756178
1.300052
-1.068790
0.863101
0.687395
-2.266327
-2.122148
0.007496
1.556890
-0.249339
0.820993
0.937837
-0.125662
-0.307542
0.019180
1.025359
-0.479279
1.306887
-0.369050
-0.180997
0.705031
-1.043878
0.228617
-0.529104
0.827606
0.125662
-0.271828
-1.232370
0.465171
1.238544
-0.442243
1.206578
1.192026
0.398593
-0.490303
1.638898
1.561518
6.482742
4.519688
2.810948
2.070773
0.634440
1.722497
5.312141
2.035391
-0.623431
-2.229185
-3.419837
-3.115980
-3.005130
0.281054
3.398609
-0.643479
-2.747266
-3.586895
-4.150972
-1.485858
-2.308588
2.307014
0.191433
-0.511403
0.403699
0.244111
-1.084127
-1.635624
2.589248
-1.316831
-3.664332
-3.292476
-3.802306
-4.538948
-3.167080
3.340041
-1.960706
-2.880520
-4.642328
-1.188292
-4.508677
-3.051122
3.575107
1.685941
-0.343553
-3.234693
-3.205603
-1.450480
2.362835
2.602473
-2.721976
1.842193
-0.057118
-0.643272
0.054345
0.811020
-1.996910
0.156381
1.443753
3.290106
2.277509
2.214014
0.915273
3.131786
0.189931
0.071536
-0.038541
-1.441259
-0.633012
-0.628296
0.940229
-3.044721
0.402598
-1.200033
-1.961977
-1.030343
-1.583500
2.092016
-2.070389
1.864097
-0.416185
-2.246180
2.029628
-1.414917
1.932861
-0.653529
-0.587540
-0.138359
-0.125327
1.115464
-0.704550
3.427078
-0.151669
0.413134
-1.477305
-0.796879
-0.468312
-1.577676
3.765007
-4.668394
4.528045
3.210911
1.412076
0.351829
5.506687
-5.622270
-0.686510
-0.245137
-1.429225
-2.129704
-0.718265
0.456614
2.927670
-1.232354
-3.615131
-3.875512
-4.259095
-1.449226
-0.922438
1.888063
-0.601729
-1.069457
3.990458
0.908152
1.148207
1.262838
2.027460
-1.786132
-0.967846
3.871067
1.183134
1.873456
-1.449864
-0.321980
-3.058812
-0.026671
1.024683
1.298081
-0.046361
-2.337689
3.164869
-1.719132
-0.676666
0.283240
0.939901
-0.433435
0.324203
5.626341
-0.327399
0.531391
-0.614313
-0.435820
-0.141510
0.475332
0.367107
-0.481174
-0.967604
-0.645456
-0.617816
-1.842746
-1.570822
1.195730
-1.460065
-0.186087
0.029780
-0.369445
-0.703464
-0.970717
0.416354
-1.179770
-0.456260
-2.049269
-1.100159
-1.901918
-0.928286
0.728182
-0.960208
0.323311
-1.363715
-0.215671
0.058005
-1.405758
-0.290029
-1.068043
-0.888576
-0.072994
1.096265
-0.373144
-1.757686
0.595629
-2.169369
-1.489068
-1.603913
-1.433984
-2.061143
-1.480505
0.628588
3.174329
1.229050
2.633085
2.802739
1.874808
0.874338
1.943501
2.141880
2.538631
1.329421
1.092257
2.318347
4.030308
-0.156035
0.949247
-0.068693
1.828918
0.128204
0.464264
1.868298
0.251970
0.056254
2.164087
3.401723
4.722557
2.610285
1.085743
0.543316
0.555749
1.813818
1.065018
1.610703
1.703079
2.057493
-0.389947
0.975304
0.050632
0.868418
0.291052
-1.313137
2.819026
-0.740507
0.626516
0.205780
2.028182
-0.780185
0.535616
-0.206372
-0.388954
-2.965209
-0.538618
-0.824990
-0.157656
-0.856950
-0.423076
-3.572724
-0.724133
-0.464109
-0.503418
-0.300625
-0.997978
-1.439195
-1.684963
-0.599303
-0.015765
-0.986531
-1.077022
-2.095949
-1.532925
-2.293775
0.104745
-1.005320
0.130012
1.073999
-1.984078
-1.231436
-1.664448
0.579438
0.004751
-1.418463
-0.109710
-1.235324
-1.554306
-1.374188
-0.884812
-1.205737
-1.944122
-1.975656
-1.846508
-1.502474
-0.929732
-1.974144
-1.753643
-0.606432
-0.033907
-0.959105
-0.643361
-3.570386
-2.147634
-0.663790
-0.379813
-0.122842
0.168659
-0.513060
0.922533
0.340415
1.176405
0.733732
0.973882
2.638113
1.019920
0.798139
-0.085658
-0.156486
0.624169
0.953961
2.312305
1.196769
1.081009
-0.751218
-0.020143
-0.509296
0.428950
0.856132
0.141655
1.657371
-1.371846
-0.832670
-1.227536
-0.839089
-0.318725
-0.471005
1.563302
0.106684
0.093847
-0.829349
-1.619966
0.606906
1.660249
0.768702
0.995574
1.246347
2.724435
1.467022
2.077690
1.370298
0.265219
-0.405115
0.166322
0.189637
0.412498
0.318069
1.478038
-1.050385
-0.592224
0.378496
1.800576
0.412693
0.336333
0.224029
0.543846
-0.127848
0.567356
0.145336
-0.788856
0.533549
0.872212
0.748637
-0.060426
0.023706
0.440478
-0.991899
-0.177588
1.902583
0.675581
-0.225777
0.336722
0.084521
0.192552
-0.303106
0.884647
0.221308
0.331476
1.059129
0.913598
0.987238
0.740090
0.987044
2.627127
1.222730
2.818318
1.920847
1.067678
2.729134
2.837944
1.801924
-0.361994
-0.769385
-1.276415
-1.237040
0.431898
3.122529
0.129368
4.562062
-0.552027
0.000403
1.051424
-0.854155
0.979105
1.340293
1.704698
-0.495379
-0.137002
-0.205301
-1.103253
-0.394533
1.811566
2.042583
3.034946
1.642824
2.247884
3.012044
0.740857
2.072714
-0.005624
0.100441
-2.529122
-5.329838
0.720769
-3.383277
1.247888
2.875848
-1.722775
-3.276006
-3.109271
-0.277620
0.348734
5.139401
5.640803
3.983920
3.845711
3.486933
3.558047
2.937719
3.501088
-1.229270
6.068585
2.764993
1.532643
3.762885
10.140230
-3.499937
3.921886
0.432344
1.888757
2.492036
2.502047
1.469119
6.162522
-1.643519
1.283170
4.425451
2.154017
2.284527
-0.999816
6.527494
-0.769594
-0.403852
2.873946
1.496453
2.043525
-0.816177
5.960019
-0.024253
4.825458
2.844686
-0.068527
5.897264
-1.149576
2.830056
-0.605975
0.238309
0.926671
5.539997
2.594059
3.742095
8.124813
1.066422
3.883772
3.488389
3.776744
0.845822
3.375201
-8.457953
0.904335
-1.501719
0.299446
1.091953
-0.965496
-3.544533
0.345596
1.361378
1.365131
3.613581
2.896116
3.513018
0.934353
-1.607913
0.471680
2.861969
4.353558
2.607931
4.353931
1.436802
-1.567011
-0.992514
-0.730221
1.232672
0.040529
2.175280
-1.828929
-1.327606
-0.204882
-0.494194
2.370783
1.861952
3.246969
-2.645080
0.175615
1.848068
1.617294
2.334759
1.739248
4.618481
1.286703
-3.835348
0.845797
0.825159
0.658550
-0.379370
0.312954
-1.241674
-0.229540
0.513433
-0.427999
-0.311983
-1.047476
-0.007481
0.448610
1.451873
-0.689618
-0.757269
-0.844364
-1.438909
0.383454
1.430765
1.289815
-0.118344
-0.111529
1.567060
-0.129313
0.615488
-0.331430
0.755772
-1.130251
-1.105319
0.772560
-0.431822
0.980494
-0.855667
0.957389
-0.531716
-0.000830
1.487610
-0.272590
1.553098
-0.379465
1.399848
-0.679148
-1.093351
-0.074796
-0.328769
-0.406558
0.198459
1.167316
0.991464
1.112466
0.580085
-0.285389
0.426670
1.073572
1.487882
1.360260
-0.643922
-1.078868
-1.004439
-0.033079
-1.262812
0.601457
-0.030172
0.056101
2.242445
1.173636
-0.162489
-2.346374
-1.681441
-1.442959
-2.058720
-0.915259
-0.870112
-2.262781
-3.251577
-0.397841
-0.387336
0.334815
-1.372107
-0.944987
-1.000415
-1.925957
-0.131421
-1.586675
-1.790736
-2.207577
-1.761009
-1.666018
-3.288677
-0.384654
-1.638081
-0.300617
-0.088955
-1.313549
0.103484
-1.144577
-0.825857
-1.460616
-0.532840
0.369233
-0.170311
0.427122
-1.658197
-1.807633
0.899677
-0.694479
-0.348670
-0.059015
0.000301
-1.882154
0.803928
-0.305462
0.461581
1.402055
1.460921
-1.849787
1.705111
-0.847286
1.026587
-0.198272
-0.116073
0.008583
-1.088614
2.413590
-0.427256
-0.149192
1.430961
-1.129714
-0.754849
-0.632754
2.269063
-0.138957
-0.268727
1.478384
-1.612822
-1.195805
-0.094995
0.674155
-0.241630
-0.086414
-0.580062
-0.570879
-1.693668
-0.730158
0.575245
-1.696829
0.406781
0.728653
1.454145
1.224107
1.309167
0.497411
3.604807
1.308257
1.245077
0.806623
0.903041
1.284405
1.267154
2.207746
5.548161
2.069968
3.161791
2.703036
2.642647
1.830697
1.138507
1.957057
-0.244346
1.593962
3.756033
-0.874623
-1.436897
2.198865
3.124236
0.237750
2.624378
3.327732
1.349361
-0.335690
0.631040
2.518316
-0.023850
1.067462
2.448033
1.320435
0.218467
0.670113
2.598497
0.770339
0.430843
4.978021
-0.891877
-0.159091
2.035714
0.346350
-0.006850
0.615817
3.699705
-1.702559
1.049193
1.020006
-2.294977
1.473575
0.663866
0.443227
-0.518022
0.571834
-2.857965
0.436483
0.606009
0.486246
0.904740
-0.225286
0.504382
0.746905
0.845535
1.098400
1.811729
1.019107
1.154607
0.499287
0.000150
-0.053061
0.305627
-0.154987
0.147492
0.311923
1.281566
-0.238326
0.221389
1.060179
0.289439
0.067450
1.033645
0.098028
-0.881956
0.658620
0.571533
0.427189
1.624365
0.713630
0.405754
-1.055680
-0.605558
0.822900
0.892451
0.107023
0.568984
-0.565537
-0.961594
1.067350
-0.247174
1.140417
1.586518
0.451167
-1.528133
1.599454
0.833638
0.594681
-0.343140
-1.902391
0.762665
0.398726
-0.157150
1.730731
1.656963
0.099811
-0.942017
0.700437
0.924710
0.218852
0.924536
-0.301188
-1.138496
-1.970387
-1.198804
-0.577551
0.328455
1.632492
-1.087102
0.419354
0.852342
-1.068926
-1.217333
0.406244
0.796405
-0.203822
-0.460434
-1.172061
-1.111578
-0.296468
-1.131681
0.262380
-0.462879
-2.152535
-3.194365
-1.060887
-1.843480
-5.121590
0.250237
-0.355867
-0.453843
-0.509011
-0.438544
-1.909379
1.094520
-1.331226
0.504892
0.749245
0.306288
0.599779
0.189334
0.157264
0.651415
1.775064
0.495918
0.292313
1.348584
1.473336
0.304671
0.219198
1.830968
-0.512248
-0.898419
0.689959
1.651783
0.182714
0.376461
0.022067
-1.046709
-1.045532
-0.398088
0.772342
0.135196
-0.182127
0.789849
0.076352
-2.592130
0.790879
0.369400
-1.148953
-0.306878
-0.660096
-0.730122
-1.329754
0.133137
-1.555572
-4.545998
-1.734947
2.624050
0.664123
0.477650
0.457871
2.267990
-3.503917
3.218541
1.048935
0.648033
1.948587
-0.394572
-1.029946
1.320860
0.286958
2.000807
2.014260
4.202329
1.265472
-0.730851
0.943170
1.559026
1.785589
2.132946
1.237778
2.260337
1.367279
1.946472
0.740610
2.295154
1.987621
0.010550
4.487706
2.023757
2.428084
1.075310
1.033372
1.692747
1.303978
2.195192
0.164580
1.583293
-0.494795
-1.127529
-0.649091
1.395241
-2.217614
-0.412768
5.961842
1.057288
3.921918
1.552928
0.098007
1.571209
4.906085
-0.294035
-0.278793
1.873360
2.400483
1.619959
2.027743
2.901701
4.459710
0.147275
3.843714
5.558635
0.512899
3.902120
0.941511
2.348681
-2.846861
-0.962830
-1.155294
-3.065725
1.650428
-2.655412
3.250065
-1.398034
1.095376
-1.489444
-6.475765
3.323202
-0.640871
2.395400
-0.717555
2.478688
1.117216
-1.134476
1.521438
3.753323
3.712694
2.107471
0.381881
1.146670
-0.171134
2.955534
-1.464569
6.107221
2.802619
-0.111858
-1.046219
-1.043453
-0.300698
1.728281
0.559601
1.402999
-2.233953
-0.418856
-0.696045
-1.622878
-1.791280
1.079254
-1.490121
-1.282229
1.411912
1.185275
-0.473711
-3.003597
1.280540
-0.898406
0.101718
2.700441
0.960481
0.701885
-0.947421
0.558373
-1.461082
-0.207585
1.173445
-0.290710
1.420055
-1.348300
0.981531
-1.064350
-1.663749
-0.176240
0.285026
-0.783781
-1.832919
1.175595
-1.558189
-0.914847
-0.493379
0.628438
-1.479672
0.575275
5.411203
-0.606554
1.390815
-0.191152
-0.578213
-0.311346
2.022606
-0.423677
1.300410
-0.236664
1.330406
1.896205
0.281348
-0.653928
1.750983
0.347755
2.022193
1.742709
1.988267
3.158758
1.583828
1.004168
-0.154743
2.275614
1.387712
0.161775
2.528207
2.658330
0.653721
-1.509146
0.917901
2.119630
0.598901
1.511216
1.715607
1.009959
-1.888345
-1.126222
1.286136
2.351950
1.759877
-0.649170
2.584891
0.402786
0.558144
1.147116
0.684755
0.742265
0.350654
-7.291771
0.218334
0.913638
2.533804
3.383166
3.662209
-2.794485
1.167683
-1.068719
1.959911
0.197418
0.960567
3.040362
4.445254
0.596339
3.052606
0.385145
-0.979446
-0.046418
-0.193849
0.332602
1.170743
3.197991
-2.479222
4.301398
3.587219
2.018578
1.448253
2.347098
4.798265
-3.370924
2.345571
4.911002
-1.252364
3.094438
0.871809
0.390247
3.444894
-0.306588
-3.135248
-0.445342
-0.123452
-1.411014
0.410654
1.985930
2.549620
1.923690
3.096985
-0.015301
4.486823
2.996838
3.892314
2.358466
1.125248
2.400641
3.177347
5.519284
3.540397
1.985633
1.278767
1.637771
1.640804
2.058173
4.553966
0.491601
0.417708
1.424865
-0.557729
-0.124502
-2.689462
4.871800
1.521699
-0.037786
1.248399
0.063434
0.453473
-0.130575
3.866332
2.056488
1.445445
3.335930
1.339503
2.737710
0.946423
3.272162
1.989004
1.249415
1.990695
2.924297
1.570284
2.666177
3.216823
2.457323
0.277348
0.996359
1.472102
0.153518
1.445109
2.152985
-0.133760
0.790673
0.069351
-0.590487
-0.528638
1.075763
0.608605
0.008235
-0.334309
-1.825079
-2.111632
-1.712543
0.051967
0.253616
-1.069172
-1.512177
-2.219225
-2.587573
-2.866437
-1.619954
0.136141
-1.851063
-0.407138
0.251603
-0.617203
-1.249412
-2.473939
0.634223
-1.260757
-0.627085
-0.751331
-1.502295
-0.581155
-1.984457
0.745294
-1.391774
-1.557008
-2.516574
-2.279427
-1.551335
-0.840077
1.234775
0.000732
-0.858193
-0.480332
-0.708330
-0.741997
-0.717113
-6.711497
-0.080050
-3.844694
-3.970223
-3.705286
-2.123608
-6.161830
-2.216619
-2.372174
0.074137
1.441816
1.914841
-0.257889
-3.664351
-4.369568
-2.701700
-1.575538
0.086872
1.268979
0.628349
-3.709151
-3.428747
-1.978518
0.116663
-1.424988
0.292001
-0.353862
-3.702558
-3.096268
-1.597823
1.090231
0.373642
3.001887
-0.158735
-0.756386
-2.389229
-0.470297
0.625619
3.611361
3.779421
1.358583
1.413843
-3.781926
-0.898748
-1.095461
-2.294625
-1.447274
-0.543522
-4.924233
0.299247
1.151846
2.762637
0.555586
0.615661
0.431708
2.292123
1.082444
1.842132
0.419395
-2.108916
-2.051455
-0.439917
2.613013
2.703310
0.004478
-2.647714
-2.743234
-3.088003
-3.434641
-2.790995
2.049217
-0.201860
-2.865993
-0.823121
1.551838
-2.904427
-3.145093
2.124217
0.912671
-1.370871
-2.609656
-0.648495
-2.108544
-3.270090
2.829428
1.540272
-0.303353
-2.042127
-0.536929
-1.747727
-0.626108
2.841367
1.423482
2.380927
1.380199
1.094012
0.122388
2.896964
-2.213964
1.334212
-1.747427
-0.541414
-0.363234
-0.307681
-3.510832
0.646389
0.228159
0.200663
1.365796
1.834007
1.475234
-1.628515
-1.262682
-0.374196
-1.610122
-0.099773
-0.666457
0.959642
-1.618110
-0.606815
-1.057374
-1.216045
-0.669058
-1.543421
-0.182453
-1.585410
-0.360075
-0.763257
0.462636
0.378840
-0.635983
-0.237448
-1.113299
0.354316
0.025826
-1.286462
-0.867860
-1.626843
-1.036564
-1.463342
-2.707812
0.188957
-1.035823
-1.135780
-1.827874
-0.620008
-0.616662
0.851104
1.820350
1.399046
1.597503
1.548282
2.964334
0.383265
1.690134
-0.310328
1.281136
0.394230
0.169147
0.602979
1.032115
-0.908609
0.381474
0.813294
-0.763404
-1.102146
0.595819
1.016451
-0.760494
0.043403
0.006711
-2.610602
-2.307436
-0.085693
0.120372
-0.573224
0.808819
0.231570
1.015111
0.843500
0.348810
1.126979
0.413918
1.319843
1.625472
1.725709
0.726707
1.198353
1.535082
-0.023271
-0.072943
1.492794
1.635543
1.816325
2.053488
-0.157070
-0.305387
1.367522
1.104803
0.106668
-0.419725
0.896261
1.442551
1.969182
0.577931
0.263675
0.333192
-0.158445
-1.701194
-0.697544
1.139801
-0.094205
-0.306106
0.718157
1.827517
-0.667581
0.127285
0.327198
-0.133038
-1.409951
-1.135249
0.474138
-2.369494
0.675012
0.225802
-0.955948
-0.147180
-1.272120
-1.055427
-0.923108
-0.446333
0.151253
0.552281
0.253129
-0.587759
-1.076999
0.232515
0.062563
-0.516087
-0.726548
-1.363687
-1.359372
0.276620
-0.948037
-2.362302
-1.637223
-0.254007
-0.130010
-0.860920
-0.964176
-0.016382
0.224400
0.952603
0.394538
-0.985820
-1.205710
-1.625198
-0.525451
-0.355461
-0.149249
-0.473446
-0.366282
1.197443
0.151502
-1.195038
-0.631562
0.044790
-0.171343
-0.447595
1.838775
2.462071
-0.068238
-1.071792
-0.279258
-0.831913
0.227555
0.743084
1.107414
0.700700
-1.135520
0.086123
-0.835670
0.318937
-0.108067
-0.572495
-1.221191
-1.181512
0.673195
-0.681462
-0.555059
-1.043988
0.010670
-1.007314
0.688225
2.175660
0.241672
-0.444943
0.059255
0.101408
0.695917
0.697568
1.343529
-0.912538
-1.058352
-0.383737
-1.368132
-1.168163
0.870534
0.067357
-0.969244
-1.602755
-0.904138
-0.451244
-1.716766
-0.216471
0.337083
-1.444940
-1.950489
-0.304229
0.748722
-1.010648
-0.959193
0.427242
-1.348931
-1.392285
-1.652260
-0.051905
-1.312627
-0.082357
-0.080857
-0.847732
-0.628261
-0.117611
1.058652
-1.253072
0.436993
-0.890488
-0.441642
-0.926189
-0.332733
0.390938
-0.731321
0.216021
2.963698
-0.219240
1.141943
0.739025
0.885934
0.106168
1.006428
-0.971558
-0.725390
-0.650295
-2.111429
-1.717835
-1.243104
-0.555350
0.874885
-0.669975
-2.078803
-2.217423
-1.198221
-1.726295
-2.116436
0.833453
-1.172843
-1.833323
-0.676017
0.647532
-0.688101
-1.963488
0.651504
-0.291917
-1.502911
-0.507358
0.517888
-1.703335
-1.090156
0.043675
-0.483017
-0.725216
-1.567303
-1.066676
-2.228299
-0.713995
0.803934
0.370807
1.401233
0.027102
-0.806006
-0.133788
0.898362
1.844091
-2.286877
1.021652
0.458847
0.209015
-0.346445
0.699427
-1.774961
0.794954
2.381588
1.629093
0.197037
2.382406
2.849146
0.104509
1.149565
2.225101
1.604873
-0.271875
2.484732
3.242126
-0.216358
1.189297
-0.034014
-0.602541
-0.143425
-0.189144
2.483915
-1.489748
0.057426
-0.220713
0.318689
1.709105
0.143152
1.092142
-1.424976
-0.328754
1.223591
2.778931
2.399823
1.322378
2.482556
1.088329
-0.247112
-0.581312
0.975389
0.165741
0.522261
-0.465376
3.474110
-0.099507
0.695724
0.326395
0.045187
-0.213128
1.488466
-0.699281
-0.915139
-0.581390
-1.094822
-0.298997
-0.336950
0.444643
1.328471
-0.721815
-0.808990
-0.073058
0.345490
-0.210281
-0.133785
1.454190
-0.807684
-0.192729
0.810295
0.863073
0.934947
0.568820
0.965901
-0.708889
-0.243373
0.476666
0.215501
1.537803
1.294668
1.245329
-0.205420
-0.602503
-0.715412
-0.178141
0.273854
0.496235
2.388898
1.080589
0.727509
0.950958
1.671232
0.434086
1.760064
-3.459493
-1.576109
-1.933779
-2.459543
-2.143307
-2.189136
-2.248155
-0.833715
0.154566
-0.013869
0.181962
0.200565
0.090304
-0.368831
-1.797138
-0.661561
-0.135625
-0.440534
-0.779430
1.168383
0.933826
-1.632424
0.264995
1.350515
-0.686081
-1.266977
0.516801
1.329206
-1.710214
-0.334671
0.685067
-0.117870
-0.571932
1.654913
0.674243
-1.474138
0.359867
-0.441040
-1.032927
-2.502160
0.939408
-1.324473
-1.546854
0.693519
-0.959025
-0.627401
-1.098034
-0.083373
-1.708861
-4.468522
-0.659377
-0.688118
0.052377
-0.122210
-1.686872
-1.357076
-0.509703
1.516759
0.298923
0.800536
0.377061
0.193321
0.452005
-0.608918
0.425180
-1.920647
-1.706248
-1.432872
-3.225349
-0.405377
-0.989597
-0.345763
-1.741591
-0.732618
-0.071751
-0.949997
0.863558
-0.719417
0.978954
-1.719449
-1.810148
-1.507817
-2.095018
0.524608
-1.558489
1.157370
0.381533
-0.997901
-0.992578
-1.020682
0.147119
-0.955747
-0.360667
0.423902
0.406655
-0.595079
-0.584859
0.711542
0.461932
-0.456791
-0.854282
-0.781507
-1.033720
-0.077914
-0.059027
-2.307575
0.270409
-0.679287
0.862754
0.395822
0.212494
-0.572484
-0.259993
-0.213049
-1.646901
-0.904002
-0.938585
-1.067609
-0.842617
-1.089970
-0.596374
-0.690675
-1.120943
-0.733314
-1.068581
-1.569957
-0.567067
-0.664982
0.395963
-1.807172
-1.842031
-0.551234
-1.752451
-0.237216
-0.258743
-0.600818
-0.007361
-0.718868
-0.364990
-1.526901
-0.728314
-1.108581
-1.373295
-0.358186
-0.383600
-2.181050
-1.408849
0.661541
0.839350
1.793654
0.181033
0.001882
0.447743
2.274435
-0.042436
1.129426
-0.904079
-2.235486
-1.932515
-0.820817
-1.265334
0.256507
-1.304280
-3.066777
-2.319018
-2.138791
-0.680880
-2.243009
0.396172
-1.304011
-3.134195
-2.402283
-1.950780
-1.471342
-2.311501
-0.872922
-1.682189
-0.865135
-0.598958
-1.634110
0.486959
-1.004534
-1.648614
-0.957529
-2.169144
-1.432128
-0.158468
-0.538524
-0.708277
-0.455800
0.639517
0.159007
0.561895
0.596275
1.086187
0.054791
1.484605
3.567636
0.223338
0.535214
-0.149559
1.798274
1.443128
2.947274
-1.651512
-0.367713
0.464622
-1.320092
0.512883
-1.510526
-0.124434
-1.058667
-0.223538
0.337999
-1.730277
0.572503
-0.324043
0.763938
-0.808807
-1.080204
1.239730
1.025962
0.252452
-0.834729
0.422947
-1.649120
-1.922111
0.474792
1.089774
-1.078408
0.450266
0.440295
-2.196896
-1.566364
-1.739052
-2.286032
0.683773
0.228523
-0.967339
-0.751178
0.773309
2.088017
0.540997
1.577132
-2.026203
-1.637504
1.761687
0.685117
1.096839
0.990745
1.757607
-0.364660
3.074112
1.014956
1.667972
1.506248
0.408050
2.145935
1.214493
0.895670
0.694501
1.298007
1.148525
0.601738
1.338404
0.469666
1.243600
0.904238
-0.445863
1.124722
0.652608
1.026246
0.713271
1.261554
1.629208
-0.467352
1.339901
0.757612
0.899070
1.550588
0.611803
0.343306
0.380574
-0.671106
-1.003531
0.397713
0.847520
-0.851191
1.352821
1.641314
1.110440
1.094662
2.157360
1.694495
-8.376734
-1.384630
0.073430
0.453428
0.345718
-1.475004
-1.217321
-1.433519
0.746559
0.443885
0.149000
0.168283
1.160449
0.692803
-0.297415
-0.274433
-0.741107
-1.392811
-1.443842
0.052782
-0.836154
-0.807913
0.736820
-2.199556
-2.688042
-1.879544
-1.269714
0.767984
-0.349810
0.783371
-0.587237
-0.566397
-1.021578
-0.957498
0.096217
-0.452260
1.229010
-0.760778
-0.920492
-1.252577
0.320787
0.212886
-0.854267
0.621321
-0.194577
-2.661942
-3.382402
-0.915426
0.041485
-12.837282
-6.009731
-5.548611
-5.605533
-5.062509
-5.076432
-5.494963
-5.913496
-5.452374
1.084824
2.798264
2.206912
-0.833378
-2.999748
-5.730028
0.269464
2.057438
-2.207324
-2.936684
3.807326
1.631125
-4.107092
2.267523
3.370774
-2.011573
-0.589304
0.762527
2.010343
-4.614079
-0.058561
-1.215053
-0.070438
2.931766
-1.204403
2.018941
-5.771799
-1.781830
0.925110
4.369190
2.357208
2.731920
0.778092
-1.500487
-0.923473
0.469313
1.944408
-0.446788
1.765858
-0.673254
-1.530670
-0.489372
-0.553780
0.325568
0.548782
0.380353
-0.608195
-2.098887
-1.778315
-0.960786
-0.243944
-1.694655
-0.473452
-0.590242
-0.442173
0.183977
-0.135299
0.772552
0.686672
1.029639
-0.067370
0.288364
0.285588
-0.312797
0.972263
0.822527
0.670385
-0.067927
0.549339
0.925250
-0.744420
0.870465
0.817158
-0.175647
-0.567291
-0.215070
0.603938
-0.011476
0.624114
0.559334
-0.321681
-0.875090
0.670200
-0.624297
0.315017
-0.443282
-1.300050
-0.527498
-0.223770
-1.407787
-1.095050
0.416687
-0.089138
-0.202752
0.077053
1.013767
2.397986
-2.781737
0.058319
-0.158335
0.524861
1.063624
1.295686
-0.450226
-1.294175
2.478363
2.802586
0.532417
2.696525
1.893367
0.437235
-1.140069
-2.015748
-4.438812
-6.819271
-2.094913
-0.391605
-1.105922
-1.369717
-0.955447
-0.817057
-3.080578
-0.765988
0.637870
0.723988
0.145340
-0.779588
-1.972234
-2.762395
0.826122
0.591943
1.606012
1.870706
0.109989
-0.553266
-0.748765
0.572300
0.229949
-4.194911
-2.347294
-0.775244
-0.213928
0.035376
-0.754900
-2.350177
-3.022330
-0.978391
0.077736
-1.324565
-1.032141
-0.222735
-0.341466
-1.405794
0.051015
-0.885170
-2.310549
-1.361916
-1.839725
-0.102334
-2.048034
0.072119
-1.238175
-1.438438
0.204059
-1.988366
0.242472
-2.177090
0.094135
-0.713448
-0.690522
0.750040
-1.430239
0.147124
-2.168742
-0.337063
-0.078799
-1.151933
-1.993831
-0.760364
0.281796
-2.461013
-0.831573
0.483425
0.275115
0.116301
0.535352
-0.443648
3.036343
-4.427613
1.515143
-1.717859
-3.717927
-3.415285
5.210086
-4.216272
-1.383287
-1.331252
0.431299
-0.483335
-0.824923
-0.366493
2.167678
-1.966556
-1.843322
-1.922816
-4.011959
-3.067625
-1.887377
1.962085
0.368726
-0.173988
-0.516540
-2.440953
-2.446698
-0.915913
1.205471
-0.016604
1.750102
0.424597
0.117163
0.139191
-0.001278
-0.924852
-2.555237
-0.389160
0.161859
2.881830
-0.284128
0.284769
5.329800
-0.060014
3.040813
2.564499
2.643035
0.565385
5.303624
-1.627495
5.069745
-3.586936
-1.360448
-0.836690
2.610935
-2.833338
8.747211
0.629584
-0.955331
0.562615
-1.479089
2.649379
-0.156260
-3.362468
-1.917278
0.527476
1.054543
-2.228970
-0.755254
-1.037181
-0.845371
-1.001632
-2.857726
-2.160760
-5.222697
-4.362445
-2.836644
0.637851
-1.458833
-1.749855
0.075648
-1.270329
-2.105367
-2.996624
1.899500
-1.255448
-2.065682
-2.047492
-2.122316
-0.857774
-1.963576
-2.595640
-0.961530
-2.220287
-3.842408
-5.381024
-2.997863
-0.215785
-9.865509
-0.971977
-1.226871
-1.324617
-1.975124
-2.447842
-2.876740
2.181568
1.758144
3.214211
2.311333
1.833139
2.979959
5.295927
-0.301243
2.276785
5.583263
1.179258
1.701691
5.152258
4.064423
-1.607738
1.150188
0.880548
-1.354530
-3.556740
1.671356
2.344616
-0.605009
1.872746
1.337254
2.739389
1.360424
1.206223
3.021669
-1.183052
1.623325
0.682529
2.523254
1.018316
1.849152
1.643549
-1.250889
4.766333
1.804070
0.266691
0.489567
2.272572
-1.666300
1.858712
-2.849652
2.977048
1.672388
0.841309
-1.455353
3.491928
-5.690484
2.375358
1.448648
-1.819189
-1.532989
-0.026821
1.398888
2.568748
2.482287
1.607450
-2.249727
-3.022924
0.288318
3.223018
1.047403
2.464643
1.247140
-2.219730
-3.148203
0.186331
3.788010
0.901655
2.550396
2.581803
-0.558638
-0.780256
0.657098
0.370897
-0.486292
2.890590
0.006351
0.532526
4.035745
-1.880241
0.335959
0.848016
1.374893
0.567108
-0.692030
0.056818
0.169040
2.046461
-4.660154
2.644504
-3.154780
-1.520652
-1.487920
-2.632860
-6.724914
3.703973
-2.178961
-0.077833
3.286077
0.966002
1.234415
-2.204783
-6.149529
-1.972010
0.808518
2.106947
1.031468
3.292625
-1.008918
-3.655239
-1.647585
-1.487193
0.422628
-0.445175
0.540468
-0.963819
-4.004756
-0.579019
-2.627407
2.210963
2.050208
-3.411193
0.889259
-3.431561
-2.602311
2.368813
2.142587
0.092746
4.179337
1.121301
-5.930943
-3.484661
0.304785
0.434629
-0.377888
3.243891
-7.922593
0.436909
0.519663
0.755259
0.893471
0.343894
1.773405
0.331011
-1.247411
0.579709
-0.943472
-0.765521
-0.532109
-0.103715
-0.363109
0.927095
0.192144
0.484510
-0.719448
0.164852
-0.817489
-0.193890
0.101094
0.111356
0.488439
0.325334
1.900919
-0.277955
0.180135
0.329482
0.460492
-0.084282
-0.557874
0.707659
0.712244
-0.733643
0.720758
1.641306
-0.750020
-0.848711
0.448701
0.892160
-0.694779
0.117469
1.718600
2.058128
2.487397
1.992406
1.976905
0.965523
-1.043405
-2.612204
-3.793428
-3.814672
-3.294192
-3.953576
-5.457272
-4.588989
-1.827261
-0.423793
0.295239
-0.177308
-0.387026
-2.607847
-3.094826
-0.563513
0.126917
1.390396
1.483271
0.894156
-1.387128
-3.103271
-0.824434
0.312669
0.247029
-0.426787
0.069723
-0.462194
-3.019927
1.344093
1.503698
0.804277
-0.412080
1.026523
0.216527
-3.979992
0.497873
0.527016
-0.471455
-2.007294
-0.976681
-1.523035
-6.076891
-2.771804
-1.467747
-1.694894
-1.688360
-1.447865
-4.134694
-1.811390
1.291682
-2.747647
-2.088569
-2.246622
-2.042243
-1.473483
4.557869
0.492068
1.111048
1.986575
0.713967
2.022779
0.844380
-1.626864
1.433384
3.622783
0.204381
-0.353480
1.403020
2.700153
-0.408371
0.468711
1.157765
-0.423943
-1.099759
-0.660245
2.916990
-1.059273
0.068516
1.615576
0.181022
-1.625697
-1.292850
3.734121
0.634162
-1.589494
0.470268
-1.242242
-2.023557
-0.789881
1.860053
-0.339855
0.040875
0.224623
-0.367885
1.398348
0.995427
-2.002535
7.116212
1.533884
0.758418
-0.284977
-1.219373
0.386973
3.448349
4.711866
2.075524
-0.272800
-1.216025
0.376012
1.756751
1.038523
0.703006
-1.879757
-4.314545
-4.803815
-2.343756
-2.831504
-2.164121
0.994679
-1.600866
-1.291227
0.170499
2.467977
0.474962
-3.216345
1.866358
-1.315280
-1.164267
-1.877317
-0.379664
0.984633
-0.306898
2.025897
-0.774553
-2.218012
-2.521564
-1.498263
-0.948402
-0.381795
3.577134
2.423220
-0.330951
0.086469
0.131224
-0.674081
2.697543
-2.359425
0.275738
-0.768559
0.367587
0.769124
-0.933587
-1.330218
-0.262347
0.284603
0.588820
1.494682
0.012448
-0.502439
-0.569015
-0.548835
1.111816
0.934528
0.127496
-0.854749
-0.357781
-1.269111
-0.534689
2.242304
1.350023
0.675766
0.399652
-0.044322
0.588065
-0.310629
1.949592
0.386636
2.303035
2.432229
-0.597872
1.272130
0.632387
1.252138
2.757381
2.484283
1.722137
0.149562
1.570687
1.547868
0.864180
1.235542
0.154843
-0.052243
0.492444
2.766244
1.156880
-1.211499
1.546015
1.551028
1.477110
1.880027
1.614421
-1.376375
2.292211
-0.197195
1.920115
2.770799
1.286674
-0.890271
1.887291
0.111002
1.791073
2.718931
2.241847
0.258839
0.728659
2.129842
-0.142573
2.044900
0.125539
-0.327744
-0.100727
2.070457
1.476608
-0.733162
2.594650
0.726400
-0.440499
1.081710
0.061640
1.546768
-0.107742
-1.132071
0.120277
0.870228
-0.135807
-0.841661
2.125834
1.075445
1.120048
1.496654
2.765787
1.025081
2.269909
5.694823
0.185256
0.645273
-0.596009
-1.554436
-0.421855
1.950388
2.031335
0.416074
-0.838160
-0.450535
-0.941543
-1.633071
-1.301646
3.226362
-0.987104
0.142932
-0.182018
-1.574094
-0.955418
-1.315061
2.740674
-1.401328
0.136456
0.077710
0.482220
-0.578433
-1.323386
2.508699
-1.150156
-0.027290
-1.555130
-0.786816
-0.634171
-1.164034
1.887018
0.017578
-0.227579
-1.116390
-0.730845
0.108239
-0.498641
0.322637
-3.135238
-3.957441
-3.177100
-3.784443
-2.954840
-3.570969
