9.561565
4.619588
6.186406
6.549230
6.106622
6.191098
5.427907
7.353216
2.476226
1.975131
1.932529
3.538702
2.284884
7.251410
10.286489
2.575143
0.729258
2.569727
2.559978
0.350187
3.443392
10.965204
1.142260
1.674040
1.179447
3.721736
1.003267
3.171545
10.429813
0.640806
3.352777
0.792073
1.329629
2.949518
3.750618
9.658319
1.805091
1.029984
-0.903628
1.497504
0.433223
4.011272
7.608457
4.428610
2.853126
2.654928
3.124252
2.282717
-0.672575
0.321625
0.698967
0.030953
-0.111529
-0.219770
-0.247337
0.303441
-0.221220
0.034242
0.364670
0.735144
0.748493
0.714251
0.038885
-0.242598
0.323850
0.192684
1.273057
1.341250
1.215600
0.884204
-0.267844
0.867083
0.274711
2.319960
1.482089
1.589362
1.372591
-0.156701
0.614522
0.820363
2.239480
1.397837
0.973291
1.560053
-0.117816
0.639672
0.222381
1.736971
1.150210
0.553583
0.615006
-0.651860
0.098471
0.322497
-0.287673
-0.363412
-0.044786
0.995152
5.575685
0.585541
3.881053
4.149084
3.939197
3.375101
2.954773
0.902225
0.267067
2.746126
1.539860
1.354026
2.458855
0.874599
4.589064
2.748463
2.771279
2.965772
4.313888
4.226882
2.585859
4.507004
4.380963
5.389574
5.217900
7.268388
4.522539
3.348845
4.650640
3.429804
3.057588
3.504029
5.344355
4.522399
3.146106
3.791162
2.583660
3.920368
3.750341
5.163058
3.664434
1.800329
4.053142
-0.373454
2.415694
3.534404
4.029364
2.353568
1.918122
-1.831602
-1.849098
-2.017844
-2.526123
-2.665916
-2.426386
-2.483049
-0.834492
-1.046490
-2.001680
-1.690300
-1.122781
-2.226111
-1.566226
-1.264261
-1.200937
-1.695273
-0.896129
-0.703936
-0.912559
0.031351
-1.237261
-0.363247
-0.225498
-1.949457
-2.150354
-1.874410
-0.342199
-1.218966
-1.087167
-1.946615
-0.830850
-0.332696
-2.420613
-0.866198
-1.388422
-1.711526
-0.443979
0.503484
-0.714594
-1.160527
-1.542869
-0.954922
-0.969932
-0.685641
0.615833
-0.112172
-0.505793
-1.645893
1.419074
-1.160929
-0.976186
-0.918445
-1.106458
-0.729184
0.671254
-1.109242
-1.033827
-1.855816
0.094727
1.435408
-0.593628
-0.588630
-0.702668
-0.725245
-1.587776
-1.308110
-2.078702
-1.586623
-1.023739
-0.439527
-0.979738
-3.840848
-2.114056
-2.937871
-1.750521
-1.430410
-0.556542
0.058316
-1.924218
-0.263236
-0.880689
-0.581618
-1.368734
0.069267
0.764540
-0.750129
-2.686740
-3.108208
-1.172267
-0.457974
1.976771
1.223858
-0.050341
-0.579792
0.135077
-0.340190
0.233839
-1.031733
-0.883415
-1.233486
-1.319129
-1.244924
-1.574134
-0.482835
0.193520
0.079329
-0.211634
0.283005
1.236598
-0.322165
-1.071077
0.328021
0.765383
1.000441
2.691419
2.112694
1.114266
-1.498649
0.615784
0.026078
1.518048
2.272816
0.215387
2.528187
-0.337079
0.546520
0.838215
0.622279
0.960274
-0.465268
1.384094
-1.703238
-0.093784
0.318689
-1.909018
-0.999251
-1.328645
-1.196247
-2.012320
-0.387677
0.515044
-0.141272
-1.078398
-1.634340
-0.819915
-0.780023
-1.966761
0.223714
-1.493501
-1.436277
-1.359349
-1.257909
-0.687452
0.415846
0.514269
0.437906
-0.290272
0.067124
-0.660395
1.637366
-0.355699
0.551131
-0.269060
0.475145
0.484196
-0.454311
1.552989
-0.663506
-0.241344
-0.307901
-1.912459
-1.439293
-1.777551
1.280063
-0.548774
-0.458930
-1.405920
-3.043190
-2.600948
-2.077062
2.161721
0.020081
0.427914
-0.757875
-2.703235
-1.438256
-2.687681
1.299201
2.227619
2.828056
1.243673
0.381058
0.243512
0.004619
3.693687
0.579442
0.295513
0.216725
0.279556
0.316687
0.137400
0.610666
0.723440
-0.196318
0.141543
0.313619
-0.255237
-0.118221
0.064136
0.468434
0.374455
1.096131
-0.785887
-1.303266
-0.793022
0.719681
0.547989
0.039509
1.534951
0.010127
-0.177063
-0.165325
-0.198236
0.567551
-0.061220
0.150058
-0.270733
0.046951
-0.038435
-0.291678
0.269814
-0.281781
0.422096
-0.141618
-0.412353
-0.243346
0.092751
0.860916
0.219717
0.146452
-0.208977
0.173457
-0.337862
0.206216
3.665426
0.669106
2.179766
2.120512
2.581632
2.311553
2.954833
0.867566
-1.164019
-0.135268
-0.900078
0.053576
-0.770488
-1.011168
2.474388
-0.107886
1.543905
1.302950
2.315675
1.371638
0.943946
2.545456
0.783217
3.447824
2.088092
1.739069
1.928646
1.883037
2.422004
1.545555
3.184340
2.594362
1.978558
1.433091
2.525217
2.868012
1.270622
2.888436
2.960145
2.497650
2.174912
2.204769
2.250742
0.065940
1.870582
1.998341
1.395083
1.127477
0.905390
-3.009776
-0.165640
-0.991658
-0.735915
-0.581003
-0.355441
-1.831807
-0.552569
-0.084870
-0.854279
-0.279556
-0.450341
-0.731640
-0.877044
-1.604499
-0.705822
-0.277636
-0.687069
-0.916906
-0.264902
-0.982237
-1.521025
-0.498751
0.035588
-0.617988
-0.438740
-0.050939
-0.997764
-1.322676
-1.093536
-0.179509
-1.296683
-1.140551
-0.181863
-1.281506
-1.049837
-0.682621
-0.753709
-0.657587
0.073007
-0.234547
-1.084727
-1.303923
0.551434
-0.150375
0.247456
0.481218
0.199570
-0.665873
2.734275
-0.973327
0.526750
-0.111121
-0.957387
-0.061087
1.395822
-1.815868
-2.147836
-3.048323
-3.393903
-1.161126
-2.846909
-1.904184
0.697328
-1.935949
-1.146932
-1.549410
0.080287
-1.416066
-1.174159
0.875237
-2.036483
-0.153824
-1.512059
-0.133577
-2.443033
-0.586439
0.824623
-1.733023
2.114209
-1.507289
-1.375573
-0.873376
1.157754
0.427963
-1.251654
0.474504
-0.122292
0.063764
-1.161360
0.292987
-0.228526
-1.461911
-0.733049
0.148473
-0.181517
-1.295636
-1.749079
0.742949
-0.434811
0.140514
0.514297
0.328674
0.280105
-1.109811
-0.790944
-1.519011
-0.935841
0.251033
0.007498
-0.359015
-1.461444
0.665884
0.012575
-0.570132
0.495261
-0.710648
1.112694
-0.716877
0.796246
-0.428927
-1.820804
-0.134170
-2.567792
0.627354
-0.584094
0.762907
-0.033918
-0.708687
1.138537
-0.303178
0.616162
-2.239926
0.927763
0.598858
-0.256111
-0.156320
0.649043
0.910691
-0.879659
-1.210409
-1.675905
-1.217100
-1.920712
-0.972872
-1.267976
-2.445621
-3.203756
-2.682538
-2.589990
-1.748335
-1.353839
-2.135665
-2.661972
-0.267775
-1.046279
0.013504
-0.057128
-0.209090
0.690525
-0.200468
-0.998085
-1.717901
0.586656
-0.256661
-1.144956
0.356482
-0.859418
-0.689903
-1.313951
1.076505
-1.385101
-3.134371
0.464089
-0.140535
-0.726775
-0.476138
0.604313
0.247729
-1.490944
0.568063
-1.399540
-0.969311
-0.559027
-0.746407
-0.564739
-1.227221
0.784632
-1.558565
-0.715455
-1.923770
-1.747087
-1.574041
-1.071000
-0.776219
-0.857757
-4.664038
-1.724520
-2.800650
-3.525332
-3.509902
-1.974137
-3.583278
-1.059502
0.467862
-2.460686
-3.895642
-3.957532
-1.618226
-1.573995
-2.450913
-1.989739
-4.443908
-5.248137
-3.364347
-3.540931
-2.465314
-2.598182
-2.631613
-4.695754
-1.219627
1.024014
-1.466159
-2.116948
-2.396569
-1.979968
-2.213809
-0.752280
-1.826869
-0.982353
-1.645659
-1.348381
-0.277049
-0.138009
-3.839239
-4.881768
-0.422943
-1.220315
-4.682041
-3.518646
-3.611738
-2.489488
-2.772880
-1.640858
-6.683263
2.940162
-1.313878
1.000909
1.594934
1.038281
0.868080
-0.298970
0.399748
-2.584925
-0.885296
-0.432920
-1.272307
-0.755686
0.153404
1.180488
-0.401147
0.975157
1.427113
1.166352
0.326404
1.792007
0.695780
0.222689
2.470291
2.535518
2.644831
0.875079
1.540346
0.845687
-1.440409
-0.732453
0.199174
1.224859
-0.781719
-0.163902
-0.261879
-2.474490
-0.193575
1.411715
2.976275
0.461195
0.246205
0.147388
-2.969837
-1.150116
0.925467
1.613269
-0.125551
-3.993979
3.035082
-1.218601
0.540463
1.210888
2.030706
1.170089
-0.241229
1.364585
1.275126
2.468359
2.405604
2.267930
5.089822
1.553592
2.656178
1.401822
4.395068
3.834132
2.920401
4.316736
1.968694
2.527701
1.367997
1.160298
1.609967
2.497734
1.471848
-0.555892
2.270302
1.386541
1.475557
-0.912245
-0.500111
1.955490
1.641270
3.992280
1.198575
2.621462
3.818851
2.985679
2.648167
1.474517
2.876044
-1.363991
-0.096284
1.734587
1.270675
1.160743
-0.276241
-0.331904
-0.530537
-0.176194
-0.161830
-0.045812
-0.117888
-0.820539
-0.746849
-0.241555
-0.945651
-0.671118
-0.328760
-0.539886
-0.891595
0.084059
-0.156560
0.106498
1.327022
1.401478
1.144454
0.218776
0.120607
-0.690497
-0.013599
0.957126
-0.411459
1.321243
-0.311081
0.004335
-0.613492
-0.325870
1.283420
0.032893
1.026141
-0.381371
-0.501214
-0.416644
-1.120401
0.377292
0.622586
-0.766228
-1.203440
-1.076458
-1.246277
-0.719140
-0.601508
-1.218825
-0.563175
-1.576567
-2.899922
0.718052
0.119573
-0.630074
-0.620316
-0.010997
0.987399
-1.343168
0.798128
-1.388549
-2.980620
-1.773440
-1.941799
-0.379622
-1.390562
-0.223498
-1.112542
0.128092
2.768583
-0.636423
-0.995294
-1.608178
-0.189423
-0.042748
0.577881
1.176360
1.540804
-0.146984
-1.495421
0.153338
-1.028596
-2.857951
-1.377398
0.269503
-0.247815
-0.687073
1.153125
0.029274
-3.606824
-3.682716
-2.462992
0.027416
-2.454783
0.128556
0.331922
-0.730594
-1.827497
-1.225919
-1.547618
0.184877
-0.081963
0.215195
0.563161
0.530989
0.362986
0.317925
-0.515970
0.194242
-0.622779
-0.886189
-1.680492
-0.549346
-0.502433
-0.248390
-0.291224
-0.531639
-0.623985
-0.816834
-0.554355
0.065272
-0.071671
0.397106
0.295024
-0.386630
-0.354271
-0.177367
0.585599
-0.019285
0.236984
0.615176
-0.094015
-1.380555
0.722820
-0.000278
-0.315145
0.312363
-1.219969
0.251263
0.284176
-1.741407
-1.306102
-0.727086
-1.033515
-1.159702
-1.014506
-0.811829
-1.812892
-0.645403
-0.489489
2.108816
2.999145
3.199629
3.189154
2.373507
2.779212
0.621150
1.571451
0.743460
0.940701
1.289427
0.076553
1.245290
1.331692
1.395279
1.738770
2.591945
0.908035
1.217114
1.503875
1.030593
2.253192
2.210429
3.011989
0.747946
3.174193
2.917855
0.941823
3.027197
4.292438
1.905588
0.365557
3.564314
2.592196
0.746700
2.877333
2.852650
0.491358
0.049249
1.551501
2.118915
2.028646
3.295382
3.507461
2.033385
1.132707
1.779039
3.094524
1.318106
0.715066
0.825813
0.686952
0.675026
0.840934
1.121210
-0.719006
0.863402
0.691212
-0.142268
-0.247584
0.186034
-0.381545
0.588771
1.312462
0.425739
0.218194
0.938264
0.476959
-0.148231
0.749781
1.741607
1.920933
1.194367
1.392860
1.158267
-0.751165
0.650747
1.635439
0.368661
-0.086681
0.952640
0.441179
0.075606
0.396242
0.902483
0.737747
-0.827623
-1.139845
-0.265474
-0.315310
0.584618
0.203924
-0.254080
-1.127067
-1.087240
-0.735511
0.370152
0.590765
1.088927
1.013608
0.644216
0.540958
0.286879
0.744671
1.081732
0.539090
0.020931
1.267407
2.766843
0.296038
1.356369
1.560547
0.084570
-0.012988
1.113223
1.634370
0.686641
0.781863
1.856117
0.226606
0.867646
0.191004
0.157644
0.148767
0.421442
1.785005
0.443588
-0.461061
0.288748
2.600508
-1.259557
0.332107
1.694362
-0.347246
-0.428544
0.693277
2.662838
-1.923772
0.226513
0.945859
-0.294356
-0.878767
-1.183866
-1.068181
-1.600354
-0.302486
0.620841
-1.059046
-0.892815
-0.916797
-1.059337
-1.383546
0.943305
-1.284992
-1.446368
-0.769792
-0.638612
-0.077192
-0.885142
-0.395771
0.064958
0.115352
-0.531513
-0.127684
0.732602
0.140695
1.093418
-0.051074
0.591907
0.706096
-1.542106
-0.331396
-0.304886
2.207905
-0.368583
-0.200798
-0.416161
-3.033430
-1.525114
-2.154113
1.032732
-1.024381
-1.431026
-0.933401
-2.631737
-1.847965
-2.484925
-1.112741
-0.500830
-1.511328
-1.573178
-2.149842
-1.608910
-1.398692
0.492577
6.178625
1.477679
2.622419
3.191145
3.918540
3.358785
5.425220
2.054339
0.551041
1.562995
1.217959
0.602932
2.512782
3.742446
2.709425
1.585363
1.979819
2.239666
2.070856
1.500307
4.961836
2.638155
3.371921
1.457130
6.326498
5.467749
2.675609
4.600153
2.760665
2.617085
0.431652
4.895639
6.342366
4.037540
3.522523
2.762486
1.433331
4.535907
5.274877
3.419650
5.861553
5.262783
2.575079
0.254387
3.667015
5.196845
4.019983
5.181369
3.392339
-4.024272
-1.443192
-2.074335
-2.183389
-2.253515
-2.174850
-3.439781
-0.999867
-0.973545
-2.116716
-1.880115
-1.975039
-2.734444
-2.299047
-2.471620
-1.513930
-1.501937
-1.556412
-1.323266
-1.141748
-1.083411
-2.742575
-1.478357
-0.752899
-0.646286
0.335796
0.487331
-0.399521
-2.518269
-1.018873
-1.359142
-0.595368
0.370352
-0.688058
-0.618642
-1.336275
-1.086867
-1.344812
-2.569290
-3.171670
-1.486793
-1.987542
-2.613908
-2.138974
-2.550488
-1.722989
-1.944753
-1.312899
-1.660180
-7.605433
0.961158
-2.250069
-3.597292
-3.883744
-2.250556
-4.978525
-0.339173
1.204847
-0.397972
0.481793
0.378291
-0.151850
0.208704
-3.723631
-1.209707
-1.239591
-1.185411
-0.420080
-1.189055
-2.229903
-3.547970
-0.772375
-1.131473
-2.272179
-0.679079
-2.715340
-2.587785
-3.046254
-1.193913
0.810034
-0.448506
0.101801
-0.214293
-2.862574
-2.892460
0.268230
0.312935
1.528473
1.081666
-0.426154
-1.731102
-4.737267
1.473320
1.159413
0.237617
-0.680535
0.067301
-0.091839
0.212982
0.778031
1.432298
1.701981
1.756578
1.511979
1.209177
0.896613
0.146519
0.132776
-0.433625
-0.254888
0.233860
0.444063
0.206449
0.114827
-0.513080
0.427842
0.838712
0.696247
0.316320
0.401483
0.468621
0.031767
0.840739
1.356448
1.219692
0.815356
0.464341
-0.222145
-0.185271
-0.491676
-0.815956
0.136606
0.104464
0.305054
-0.313465
-0.043933
-0.921321
-0.164769
-0.770146
-0.412597
0.846297
0.205998
-0.028463
0.067364
0.942649
-0.294240
0.136607
1.956573
0.181175
1.445768
1.419453
1.409152
1.515884
1.950948
-0.087774
-0.997893
-0.738552
-0.640822
-0.601090
-0.773869
-0.006319
1.409757
-0.770234
-0.148455
-0.171740
0.180397
-0.769629
0.616412
1.113455
-0.292495
0.838445
0.905963
0.160660
0.320541
0.677351
1.338778
-0.050120
0.375941
0.220648
-0.427100
0.975906
1.016244
0.970972
0.229131
0.238913
-1.023603
0.037654
-0.272499
0.467352
0.897395
-0.179704
0.936607
0.821652
1.169201
0.024497
0.771618
0.864179
-0.577727
-0.578530
-0.479698
-0.309273
-0.351297
-0.331611
-0.282274
-0.668363
-0.688853
-0.681782
-0.406096
-0.573789
-0.423049
1.437086
-0.264356
-0.208914
0.248848
-0.214539
-0.003214
-0.834610
1.414507
-0.525176
-0.343181
-0.193406
-0.682022
-0.043068
-1.414828
1.398116
0.078744
0.716655
0.870368
0.312728
0.949031
-0.408024
1.423586
-0.369456
-0.883465
0.033105
0.018239
0.177095
-0.219922
1.460147
0.393562
-0.238564
-1.252760
-1.952621
-0.875108
-1.032435
3.455011
-1.748598
-0.829573
-1.621048
-1.452941
-0.982636
0.918041
-3.107184
-3.192382
-2.958865
-3.320590
-2.615948
-2.827227
-2.367714
-0.938320
-2.561983
-2.531405
-2.172627
-2.726002
-3.022806
-1.963475
-1.406501
-2.809728
-1.937635
-3.055181
-1.677299
-4.449421
-2.660756
-1.465205
-2.855518
-2.511617
-2.865655
-0.232535
-2.867290
-0.028290
-2.243762
-3.597115
-2.267472
-2.733036
-1.861923
-4.375832
-2.334189
-0.985417
-3.301784
-2.267962
-1.591940
-1.814501
-2.485455
-2.456019
-1.263242
-0.551731
-0.591217
-0.230014
-0.444600
-0.450965
-0.946595
-1.484409
-1.566403
-1.939367
-1.423885
-2.280936
-1.512676
-1.140467
-1.589167
-2.249109
-3.224510
-0.462833
-0.255583
-1.287733
-1.725752
-1.412665
-1.554428
-2.458948
0.330887
0.374906
-1.458516
-1.464774
-1.336389
-1.408674
-2.842484
0.762865
0.750997
-1.661667
-1.830617
-0.612471
-1.050490
-1.603516
0.122451
0.756068
-1.413744
-0.649261
-1.052324
-0.510087
-0.844212
-1.538029
-1.278023
-1.148236
-1.074225
-2.528714
-1.456058
-1.993642
-1.909812
-2.497648
-2.226972
-3.522108
-0.740649
-1.668602
-1.084078
-0.906253
-0.713467
-1.427962
-2.734176
-1.789322
-1.001161
-0.975807
-1.122908
-0.014048
0.344684
-1.239516
-1.358066
0.508460
0.358046
-1.181385
-0.434340
-0.686514
0.303568
-1.425792
-0.188446
-0.230133
0.941429
1.288055
-0.849720
0.308821
-1.608985
-1.153745
0.075949
2.841076
2.407422
1.893936
-1.516019
-1.858875
-2.515351
-2.338441
-0.231047
0.022727
-0.438337
-2.884705
-0.301097
-0.444163
-0.261188
-0.031878
0.059441
-0.558820
0.933226
-0.277254
0.737907
1.150363
0.595769
1.797540
0.000253
0.989794
-0.032891
0.787624
1.361325
-0.701463
0.024437
0.165134
0.017757
-0.176465
1.337227
0.848249
-0.886216
-0.455071
0.349802
0.143489
-0.154227
0.258483
0.783902
-1.086439
-2.785304
-0.303296
0.246645
-0.575307
0.218234
-0.147633
-1.612368
-2.422568
-0.340923
1.227391
0.433679
0.904731
-0.924433
-0.965780
-0.708904
0.049718
0.146110
-0.983943
-1.370623
-0.395120
-0.296652
-0.346563
-0.330829
-1.319774
-0.490357
-0.891728
-0.493795
-0.452845
-1.380209
-1.427307
-0.783362
-0.301133
-0.699274
-0.180159
1.044691
1.129091
-0.936429
-1.687072
-0.574445
0.079191
0.658637
0.087005
0.967585
-0.561628
0.119203
-0.698128
-0.821185
-0.077523
-0.851091
-0.829626
-1.334570
-0.667179
-0.151400
-0.353023
-0.276021
-0.550895
-0.320826
-0.395953
-0.115243
0.646653
-0.682081
-0.972378
-1.257880
-1.624033
-1.094394
-0.181513
3.025223
-1.105052
0.292932
-0.376092
-0.546345
0.466932
2.610172
-1.540892
-4.225420
-3.836404
-4.330870
-2.840172
-5.352761
-1.990967
1.161054
-3.374718
-2.423436
-0.657787
-0.875989
-3.983808
-5.074439
1.136331
-3.506950
-1.736431
1.564493
3.804192
-1.056541
-3.167756
1.363523
-3.722341
-0.660597
0.679514
1.340487
0.763985
-3.379588
1.279428
-3.387454
-2.667671
-2.887558
-3.515003
-2.928202
-3.392511
0.947161
-2.431865
-0.681949
1.215559
2.393658
-1.488636
-1.734745
0.122783
-0.011031
0.228677
0.209506
0.143017
0.025180
-0.036288
0.562869
-0.120425
-0.008825
-0.405854
-0.066869
0.694172
0.993827
0.480709
-0.304524
-0.304371
-0.694630
-0.780136
-0.139824
1.452549
0.275082
-0.236894
0.776027
-0.082160
-0.240773
-0.310381
2.376388
0.444574
-0.116317
1.374423
0.204486
0.322628
0.372837
1.903439
0.119739
-0.554349
0.357013
0.026169
-0.307339
0.436891
0.781504
1.526266
1.233535
1.915383
2.175934
2.179739
1.865098
1.918883
-0.903748
-2.021972
-1.896682
-1.702037
-1.617362
-1.604300
-0.926192
-2.338462
-1.481861
-0.499376
-1.164896
-1.567130
0.086456
-1.576510
-1.289355
0.407697
0.171724
-0.848405
-1.992639
-0.973458
0.484771
-1.529244
0.381451
-0.831779
-0.694021
-1.308593
-1.795262
1.813670
-1.721515
0.345823
-1.135919
-1.228907
0.883796
-1.675911
-0.391308
-1.388516
-0.311027
-0.027077
-0.512322
0.018527
-0.123389
-0.145360
-1.306694
-2.113535
-0.818598
-0.865507
-1.064071
-1.199929
-1.275577
1.617013
0.714438
0.616050
0.306052
0.216033
0.695047
0.038716
0.787992
0.182420
0.224538
-0.027489
-0.324083
0.045112
0.152958
0.925709
0.137648
0.799491
0.567264
0.419001
0.802144
-0.167995
0.824122
-0.261825
1.461129
1.100848
-0.993342
1.650150
0.550934
0.869914
-0.230730
1.475146
0.988987
-0.168608
1.564417
0.549846
0.977761
-0.344768
1.113028
1.288507
0.665245
1.142762
0.426826
-0.310815
-0.219094
0.424717
0.867737
0.157721
0.404304
-1.016340
-3.980998
1.028503
-1.688534
-1.198883
-0.779385
-0.314072
-1.785241
0.497852
2.071065
0.894312
1.447350
0.573603
1.871273
1.200961
-2.942213
-1.008981
-2.182481
-3.866198
-3.927634
-1.505533
-0.882599
-2.825980
-1.207992
-1.612131
-4.041002
-2.900171
-3.817781
-0.241573
-2.900560
-1.043344
-0.033972
-1.314332
-0.813614
-2.262007
-0.068594
-1.950150
-0.273852
0.972535
2.040347
1.573215
0.066509
-0.177796
-2.367825
-1.376286
-1.701159
-0.365875
-0.016010
-0.722764
0.463621
0.421507
-0.275129
-0.115091
0.562533
1.019296
0.748137
-0.030365
-0.326998
-0.873657
-0.612649
-1.198809
-1.522207
0.160592
-0.793084
0.278081
-0.038302
-0.231197
-1.015974
-0.859720
0.047162
0.879747
0.365947
0.376559
0.562994
1.274859
1.535775
0.751182
0.435628
-0.033595
-0.268299
0.166037
0.012829
-0.483344
0.418370
1.147677
-0.075958
-1.306608
-0.525246
-1.037940
-1.743806
-0.320168
0.024458
-0.109462
-1.416530
-1.083810
-1.096271
-0.537613
-0.317031
-0.421877
-3.961959
-0.359155
-0.044328
1.729788
1.920531
0.386189
-2.773505
0.805958
-1.224887
0.626632
2.218568
4.301972
0.923830
0.141211
0.258243
0.742826
2.864342
1.980811
5.001980
2.543136
1.936483
1.333189
1.751785
3.445807
0.366376
2.981208
0.035259
0.583984
0.926851
-0.628648
1.729453
1.295412
3.629837
-0.568033
-0.478035
0.596409
-1.146978
-0.870939
1.418152
4.676239
-3.178834
-1.426379
-0.131137
-0.914091
-0.906199
-1.589417
-0.458892
-2.357261
-3.139207
4.505757
-0.050187
0.094955
0.185965
-0.160509
-0.375151
2.304599
-1.791915
-2.674484
-1.730755
-0.848917
-1.561909
-2.160481
-0.808535
-0.812779
-2.404681
-1.461391
-2.585382
-2.374831
-1.873705
-0.343547
-1.084924
-1.928426
-0.335208
-1.613412
-0.918416
-1.129110
0.400901
-1.083898
-1.697981
-1.100725
-1.333073
-0.390660
-2.021775
0.279753
-1.175640
-2.235688
-1.273376
-0.684605
0.352325
-1.639749
0.207619
0.674363
-1.464901
-0.610282
-0.587161
-0.923688
-0.851552
0.998303
1.967845
0.449252
0.879529
0.653250
0.966647
0.731839
1.247755
-0.204869
-1.043494
-0.760646
-1.268903
-0.402081
-1.019648
-1.410589
0.266488
-0.798939
-1.997088
-1.927810
-0.864561
-1.297711
-1.078829
0.552644
0.024629
-0.739672
-1.462807
0.319140
-1.157505
-0.640370
0.977004
0.113487
-0.029243
-0.083463
0.451775
-0.499206
-0.264485
1.408413
1.122866
0.949850
0.367530
0.604513
0.579709
0.639412
1.630166
-0.002959
0.962643
0.692065
0.483454
0.347948
0.760820
-0.105500
-1.035969
-0.466344
-0.437480
-0.358825
-0.319262
-0.775647
-1.129830
-1.306516
-1.218980
-1.040072
-0.721148
-0.784731
-0.758557
-0.535175
-0.746648
-0.493055
-1.400714
-1.980027
-1.065708
-0.150312
-0.515933
-1.022242
-1.132049
-1.538511
-2.081760
-1.308939
-1.437047
-0.548833
-0.712602
-0.685958
-1.428165
-2.080279
-0.567134
-0.729760
-0.638793
-0.595259
0.248412
-0.010900
-1.536627
0.268328
0.240741
-0.389977
0.006795
-0.415544
-0.580121
-0.369792
-0.068293
-0.672299
7.385241
1.360358
4.628706
3.054352
2.680897
3.725985
2.911077
-0.609816
-1.401266
1.136903
-0.510543
-1.369267
-0.430725
-3.085077
3.124531
0.390180
2.517989
1.249633
2.771623
1.933265
-1.974901
2.605807
0.732178
4.188163
3.396348
5.453977
3.590350
0.238181
2.980896
0.202545
3.712529
2.409807
3.678712
3.936346
-1.834719
4.355799
2.641988
3.410896
3.200168
4.656161
2.638897
0.469451
0.952905
-0.781451
1.179267
-0.104908
-0.186909
-0.452908
-5.656337
-8.781450
0.131231
-4.923570
-3.381443
-2.405493
-3.015957
-7.920416
1.633964
2.783333
0.714423
1.084104
0.569207
0.466182
0.213045
-2.119493
1.140744
-0.460820
-0.200457
-2.036047
-1.126525
-1.320225
-1.646317
0.979213
-2.176599
-1.056597
-3.046259
-0.355462
-0.031001
-1.742117
2.825757
-0.641931
-0.301151
-3.413843
-0.089507
1.182934
-1.791532
2.426240
-0.723979
-3.814293
-5.674821
-0.252436
-0.301620
-6.685735
0.516062
-3.586097
-3.960440
-3.988179
-1.872648
-6.484810
-1.747614
0.692431
0.222083
-0.823732
-1.076396
0.138372
1.048874
2.707044
1.514254
0.434801
0.439577
1.078114
-1.352374
1.764623
2.629448
0.594004
0.309235
2.294219
1.970651
-0.948535
-0.094798
2.579373
-0.946433
0.232976
0.769835
1.645935
2.866245
2.183941
2.397425
0.263174
1.249359
-0.363131
-1.821387
3.322072
0.989052
2.179551
1.417167
-0.385300
-1.071427
-1.803804
0.581390
1.659123
1.540820
1.961669
1.041612
0.411484
0.540872
-0.505516
2.775272
1.391299
0.538787
0.672242
0.261943
0.385006
0.764768
1.580491
-0.807722
1.191346
0.456929
0.505217
1.165594
0.950281
0.535843
0.497399
-0.321728
-0.112394
0.289260
-0.024281
-0.208507
-0.723011
0.026305
-0.204827
-1.644046
-0.305907
0.459872
-1.574054
-2.122497
-0.285213
0.093354
-0.373232
-1.012547
0.201332
-0.545685
-0.586154
0.322278
0.639040
1.224365
-0.071556
-1.258488
0.826853
0.608044
1.221054
0.691464
0.441385
0.730186
-0.222579
0.640326
0.601238
-0.900748
-0.606073
-0.421328
-0.634283
-0.648388
-0.819028
-1.575965
-0.358584
-0.874793
-0.691357
-0.485382
-0.432816
-0.450265
-0.571611
-0.091100
-0.736725
-0.786020
-0.920525
-1.029874
-0.662420
-0.259850
-0.126580
-0.733526
-0.816338
-0.246254
-0.160388
-0.672599
-0.368181
-0.192015
-0.842366
-0.901912
-0.543692
-0.379377
-1.151437
-0.751339
-0.319904
-1.198405
-0.999992
-0.306454
-0.829934
-1.407070
-1.061065
-1.262532
-1.275255
-1.667865
-2.041935
-2.190328
-2.103952
-2.571086
-7.663395
1.305525
-2.853467
-2.226525
-1.574901
-2.528571
-1.812979
-1.204081
0.907059
-1.184890
-2.261710
-1.791041
-1.379326
2.150666
-5.636563
-0.714452
-2.048081
-2.740600
-2.175800
-4.608181
0.655731
-4.362111
-0.139372
-2.985298
-1.558908
-3.219261
-4.150539
1.988904
-4.812670
0.525956
-3.860371
-1.048945
-0.563200
-5.266885
2.095603
-4.572311
-1.500418
-3.565406
-3.137693
-2.956055
-4.095020
-1.251377
-3.047445
0.799903
-2.042597
-3.159857
-3.241195
-1.865982
3.519709
0.231615
-1.334835
-2.024680
-1.979355
-2.390856
-1.866049
-2.094538
-0.148783
-2.128140
-3.729129
-1.363435
0.443069
-2.017646
-1.534879
-0.771113
-4.195015
-2.610436
-1.537381
0.958969
1.113065
0.355707
-0.008908
-4.417253
-0.729697
-3.262460
0.482609
-0.005625
0.297255
-0.001720
-5.098189
-1.355308
-2.256138
-1.852609
-2.162054
1.978730
-0.201921
-3.683181
-2.568552
-0.863008
-1.424542
-3.151654
-1.562699
-0.255527
-0.921303
-1.610991
-1.100718
-0.168787
0.269436
-2.678577
0.244976
3.007548
2.261084
2.631218
3.095520
3.367696
3.417278
3.642110
5.375370
4.164949
3.517300
3.681709
4.156168
6.171760
2.337520
2.956591
-0.071617
0.476353
1.499815
1.363122
4.268241
1.768202
3.480630
0.966650
1.780944
3.135460
1.245027
3.623176
2.063622
4.215046
2.067240
0.462581
2.883943
2.555473
4.022748
2.050022
3.068662
2.614691
2.669782
4.533359
2.533089
3.749882
1.219371
3.144928
2.656696
2.889452
2.443913
2.275202
5.005409
3.977417
-2.996011
-1.968005
-1.340703
-1.149447
-1.301725
-1.100420
-2.188021
-1.184787
0.885083
1.704855
2.263208
1.617370
-1.222556
-0.835017
-0.516602
-0.082982
0.043484
1.262747
0.027719
1.472713
-1.758040
-1.849684
-3.855283
-2.474387
-2.293004
-4.056587
-2.642082
-2.423800
-3.322742
-1.037535
-2.005600
-0.646876
-2.208462
2.057053
-0.807818
-2.822772
0.870877
-0.755152
-1.733960
-0.019058
0.490963
1.033204
-0.319107
0.569961
2.529651
2.917882
1.713863
-0.737309
4.451900
0.290104
1.478362
1.872431
2.130392
0.979254
3.293094
-0.094416
-2.189704
-0.655123
-0.213443
-0.286339
0.130190
-1.064389
2.011364
0.210484
2.033286
2.050905
1.873776
1.378299
0.261995
1.955144
0.778453
0.942806
0.639117
-0.184526
0.721831
-0.291584
1.821861
1.522880
2.088295
1.232507
-0.677717
1.332973
0.106116
2.521770
0.206179
1.911165
0.161662
0.284725
1.485222
1.515349
3.126324
-0.134226
1.212063
0.326014
0.119162
0.248814
0.660502
5.426080
0.433219
0.021513
-0.872684
-1.247436
-0.111037
2.178412
-1.542898
-2.204957
-2.198539
-3.436605
-3.974441
-4.434206
-1.128243
0.338838
-2.235840
-1.366278
0.214960
0.289738
-2.300553
-1.424053
0.536971
-0.969147
1.102740
0.390538
0.894197
-0.738747
0.349767
-0.111557
-1.471071
-0.409623
-2.219532
-1.408439
-1.867508
0.014748
0.416216
-2.116823
-1.407744
-2.647025
-0.513201
-3.020041
-0.959604
1.990344
-1.574647
-1.415378
-2.921668
-1.763412
-3.079724
-1.263223
0.168054
0.742392
0.807123
1.308881
1.691520
1.104252
0.216312
-0.627006
-0.557775
-0.417686
-1.430394
-1.177696
-1.501255
0.176286
-1.538119
-1.002751
-1.654654
-2.479012
-2.980100
-3.002891
0.205396
-1.372272
-0.986280
-3.120382
-1.885998
-0.431953
-3.589392
-1.356089
-1.489188
-0.534220
-2.120121
-0.249251
1.333011
-3.169793
-1.214082
-0.329782
1.135372
1.438725
1.275079
2.063530
2.125484
1.605627
-2.214822
-1.439491
-0.537283
-0.580469
-0.529527
0.280659
-1.545781
4.421346
-1.124513
0.409087
0.317210
0.264043
-0.731554
1.192137
-0.040145
-2.085940
-0.364643
0.049941
0.193672
-0.559031
-0.970986
1.603255
-1.431090
-0.126884
-0.758079
0.846014
0.165116
-0.127601
1.411496
-1.355939
0.319719
-1.172542
-0.096896
-0.605985
-0.900136
1.405044
-2.329672
-1.211372
-2.109238
-0.397259
-1.207071
0.110038
1.872554
-1.344707
-1.204921
-0.898940
-0.529639
-1.171109
0.809812
2.040660
-0.007647
0.185428
-0.377903
-0.687467
-0.951033
-1.160236
-1.040282
0.614697
-0.167300
-1.029568
-1.328378
-0.780911
-0.381722
0.433968
0.313016
-0.538773
-1.600714
-0.587371
-1.097886
-0.129258
-0.101234
-1.176761
-1.634717
-2.855030
-2.884375
-1.514465
-1.339557
-0.130657
-1.690303
0.075692
-1.083756
-1.021572
0.013818
-1.985774
-0.006832
-0.722608
0.433347
0.164194
-0.135470
0.746208
-1.543965
0.020262
-0.411921
-0.469136
0.113033
0.185077
-0.321633
-1.204242
-0.780522
0.034780
-0.428145
-0.380324
0.509039
-0.262787
-1.281876
-7.821721
1.663816
-1.744558
-1.608076
-1.062965
-0.950665
-3.202629
1.338389
4.010865
1.329373
1.826120
2.952817
2.370410
1.818127
-2.749939
1.458067
-1.058661
0.175419
0.755163
-0.681184
-0.756188
-2.144170
0.538142
-2.863880
-2.227166
-1.407862
-2.020597
-1.585739
-2.299302
-0.498797
-2.592555
-1.149242
-1.205392
-2.187411
-1.245557
-1.934732
0.684667
-0.321328
-0.142631
0.217839
-0.343256
-0.056356
-2.643377
0.709872
-1.195555
-1.120346
-1.575902
-0.909474
1.756649
5.958220
1.936249
3.858158
3.913155
3.257730
3.067260
4.194560
1.349823
1.238477
3.644237
3.073840
2.970759
1.840254
2.358354
4.605360
2.528072
1.748309
-0.231802
2.775398
1.869103
2.808969
4.143272
1.947384
2.173282
1.497780
4.740326
3.650479
5.206294
3.743437
0.933793
2.615126
1.515157
2.711458
3.365027
5.524981
4.027707
1.378504
3.204081
1.712882
4.220034
1.453578
3.395901
4.380306
2.085385
4.850323
7.237188
6.480367
4.212780
3.826441
-3.044100
-0.319340
-0.282663
-0.350574
-0.276961
0.005574
-0.773726
-1.717621
0.602262
1.105249
-0.900347
-0.903200
-0.142045
1.708548
-1.457120
2.057310
1.279176
0.786686
0.280331
-1.611346
1.305226
-1.304578
0.886222
-3.120048
1.386875
1.062221
-2.009355
-0.372997
-1.457640
1.269845
-0.628313
0.433132
-0.189608
0.158374
0.611724
-0.980572
1.654115
2.955712
0.110422
-0.162003
1.345532
1.143352
-1.553156
0.892702
0.442722
1.044207
2.025686
1.896213
-1.453362
-0.045319
1.478255
0.057441
-0.995394
-1.018913
-0.395028
0.294620
0.332340
1.614122
0.682410
1.040442
1.012218
0.286659
1.487935
-0.390776
0.906564
1.937056
1.217557
0.903851
1.035918
1.717425
-0.554413
0.158933
0.993495
-1.362018
-2.015664
0.438538
1.237367
-0.836099
0.511266
1.101410
-0.798378
-1.220362
0.080779
1.242162
-0.206243
0.649394
0.905659
0.198916
-0.740395
0.489918
1.715254
0.390867
1.609600
0.638176
1.527193
0.889196
0.935330
1.374229
2.226110
0.235637
-0.052215
0.252459
0.358234
0.315843
0.544213
-1.103230
-0.259996
0.355811
0.159739
-0.050061
0.910656
0.080879
-0.959372
-0.455396
-0.818205
-1.770982
-3.648545
-1.317470
-0.195265
-1.089369
-0.530218
-1.734243
-2.025460
-4.146870
-1.472230
-0.232408
-1.255298
1.359726
0.519856
-1.220309
-2.895878
-0.116675
1.365648
-0.628187
0.870149
0.747957
0.398202
-0.390262
0.397125
0.073342
-1.310876
-1.176572
-1.034598
-1.494300
-1.952925
-0.802325
-0.966774
0.114024
0.392663
0.486003
0.560037
0.679491
0.651222
0.350002
0.446875
0.541507
-0.233651
0.371203
0.219257
-0.089893
0.295704
0.240632
-0.299584
-0.168494
0.489106
0.489020
0.027493
-0.149706
0.180991
-0.624419
1.219533
0.843676
-0.150740
0.702933
0.508756
0.255714
-0.263988
1.160581
0.988813
-0.253818
1.272193
0.291568
0.685610
0.505050
-0.084721
1.385700
0.817906
-0.348795
-1.075948
0.727842
0.194091
0.197194
1.070259
1.368118
-0.121523
0.896593
-1.804803
0.623980
-0.352137
-0.144434
-0.461164
-0.233532
-0.401766
0.540008
0.376323
-0.616047
0.900175
-0.079134
-0.910528
-1.300297
-1.389976
-0.375743
-0.333177
1.325448
0.881891
0.187775
-3.141763
-1.652239
-0.801692
-2.178705
-0.512922
1.373915
-0.009964
-3.036992
-1.342185
0.003192
0.206252
1.929790
1.734566
1.258503
-1.897285
-0.511953
1.635892
1.405745
0.740165
-0.671770
2.526682
0.214669
-2.177060
-0.391607
-0.174423
0.606954
0.264102
0.298446
-1.117843
0.687957
-0.401579
0.609939
0.866300
1.069387
-0.066659
-0.515968
-0.076663
-0.586141
-0.177803
0.377917
0.519888
0.190918
-0.841149
1.140375
-0.536924
1.517343
0.953782
-0.436461
2.358627
1.938662
1.563585
-0.252169
1.238671
0.109386
-3.035633
2.849310
2.293591
1.132263
-0.781387
1.175934
1.530323
-2.201242
4.432907
1.328047
0.646582
-0.611156
-0.394548
-0.245410
-0.464452
0.447415
0.154275
2.654066
1.020171
1.915676
1.373072
1.973951
2.165277
3.758068
-4.583922
1.170030
0.047834
0.401007
0.380756
1.017621
-3.510612
1.017272
2.585691
3.672096
2.681010
2.426475
5.812085
2.295889
-0.964549
2.423331
1.335703
2.425251
1.230433
4.535564
1.360668
-1.147333
2.692882
0.372899
2.735304
1.388951
3.865704
0.382504
-1.164794
2.721862
2.080633
3.736865
2.631604
5.458913
3.138582
-1.330642
2.476578
2.980589
1.626379
1.639297
4.299883
-0.320876
-2.538205
-0.547480
-1.868694
-0.728868
-0.124652
0.697268
-2.953528
2.575915
1.939374
1.582158
0.830023
0.735296
1.361818
1.758390
1.330723
1.472040
1.217299
0.668565
1.452000
0.233873
-0.008574
1.647755
1.217299
1.138378
3.260491
4.173674
1.930181
1.695893
1.632155
1.199429
1.734838
2.855758
2.994801
3.266070
1.894335
1.647342
0.232014
0.452563
3.261938
3.783918
2.082859
1.365434
1.581021
0.567949
0.768147
1.375660
1.578544
1.286096
0.737052
1.944850
1.975839
2.534389
1.828014
1.413055
2.069224
2.030278
0.175940
-0.327597
-0.353941
-0.384110
-0.200223
-0.651000
-0.761377
0.044960
-0.312439
-0.051803
-0.362697
-0.164387
-0.763658
-0.350703
-0.165564
-0.216411
-0.163799
-0.340401
0.040987
0.039294
0.576459
-0.107801
0.130538
-0.292350
0.246728
0.871974
0.204196
1.861388
-0.293307
-0.772267
-1.060938
-0.368363
-0.417223
-0.672266
0.173879
-0.176823
-0.739743
-0.029066
0.397576
0.749162
-0.877124
0.389702
0.081605
-0.224653
0.157765
0.761892
0.872636
0.375280
1.370507
6.289923
7.318416
7.414507
7.539756
7.731937
7.608343
4.806822
1.632205
5.498339
4.379056
3.556989
2.194828
3.333663
0.280649
0.654407
2.803841
1.916499
4.882039
5.138830
2.770709
-1.115638
-0.180251
-0.854539
-1.925776
4.677266
8.303836
2.644796
-4.412188
-0.134524
0.045062
-0.800530
4.501323
7.367788
3.607022
-4.251160
1.407223
5.478127
4.580511
5.298537
4.806490
4.508941
-0.933400
6.266728
6.850227
7.845586
7.001652
6.484421
5.950956
5.023190
2.620842
1.130170
1.644787
1.712453
1.435681
1.495199
2.509048
1.830359
-0.425907
-0.715804
-1.267310
-0.991896
-0.538380
0.246900
1.828547
-1.746851
-2.479627
-1.587759
0.449669
0.200957
1.355343
1.281792
-2.392726
-0.278130
1.444734
3.358374
1.700005
3.108757
1.614461
-2.551140
0.117678
2.814785
1.898476
1.765635
2.864800
2.243817
-0.492666
-0.376799
0.737077
-0.085994
0.471621
1.606996
2.045348
-0.241919
-0.717841
-0.261157
0.383814
-1.613556
-0.456006
-0.701768
-1.018811
-1.389752
-1.216749
-1.060784
-0.875855
-0.654452
-1.276379
-1.611465
-1.400981
-0.228218
-0.651122
-1.111585
-1.632839
-1.397729
-1.012615
-0.333924
0.220784
-0.102222
0.406719
-0.122356
-1.478732
-1.099349
-0.329433
-0.027569
-0.477887
-0.130410
0.679465
-1.307046
-1.146278
-0.280645
-0.407803
-1.047387
-0.283666
-0.329278
-1.312312
-1.016720
-0.851461
0.824745
0.335165
0.099201
-1.239440
-1.906360
-1.926804
-1.268557
-0.447065
-0.237588
-1.055208
-1.314248
2.848606
0.088279
0.872821
1.737685
1.756677
0.763001
0.296458
-0.668144
1.251722
2.130380
1.645267
0.223562
1.742777
-0.864652
0.615303
2.180567
1.705853
1.985651
1.425629
1.646752
0.584640
0.781146
2.126560
0.306961
0.014429
-0.474396
0.444580
-0.502196
0.501770
1.714977
-0.443203
1.238565
2.061516
-0.353013
-0.077033
0.526813
0.488720
0.303460
-1.708507
-0.481080
-0.666235
-1.380113
0.046474
-1.597838
-0.511746
-1.207582
-1.719435
-1.221166
-1.031236
1.105019
1.394949
1.539044
1.888154
1.662500
1.188194
1.251726
0.857732
1.278083
1.365982
1.020974
0.738378
0.905223
-0.373975
0.653711
1.185955
2.276552
2.451481
3.026369
3.582234
1.533201
0.869295
0.667264
2.340580
3.761637
3.036562
3.299017
-0.020513
0.899756
1.159474
0.661792
1.875224
1.241034
0.972361
-0.133153
0.889809
1.597976
-0.129797
-0.199295
-0.302114
-0.646003
0.654955
0.246788
-0.098591
1.494038
0.645630
0.685540
0.714383
1.774768
1.432512
0.806785
2.210684
2.003829
1.867332
1.574168
2.742130
1.388419
-0.262518
0.113044
-0.675761
0.038775
-2.392524
1.316028
3.076101
0.183089
1.346986
0.740178
0.420747
-1.138099
-1.048976
2.408159
0.217488
1.375913
0.074894
1.235194
0.180588
-1.591211
2.342022
0.409803
0.204668
-0.716256
0.564905
1.313215
0.437477
2.178789
1.157799
1.162177
-2.551849
-3.064219
-0.528475
2.337331
1.116677
0.373528
2.592656
2.300588
2.365787
1.206269
2.261343
0.944620
-0.800610
-0.103078
-0.770643
-0.830578
-0.753269
-0.369288
0.494640
-0.640045
0.472368
0.877571
1.189023
0.101680
-1.017496
0.834194
0.336522
-0.263294
0.087337
2.198592
0.476916
-1.386552
1.067171
1.201732
1.165119
0.577662
1.093757
0.429457
-1.889119
0.860897
-1.120341
-0.588621
-0.371970
0.410800
-2.067758
-1.512252
0.863812
-0.855765
-0.100512
0.251868
0.287899
-1.404859
-0.533817
-0.248950
-1.568338
-1.346089
-1.102735
-0.789183
-1.625242
-0.705227
2.262197
0.456059
0.210736
-0.210629
-0.330666
0.226369
0.837267
1.461765
0.668188
0.245430
0.188785
-0.906550
-0.079883
-0.283122
1.157227
-0.252712
-0.342982
0.874425
1.266235
0.964802
-0.043154
0.970370
-0.138563
1.155086
0.509064
-1.984644
1.574415
0.783085
1.026481
-0.392239
-0.254746
-0.349942
-2.149441
-0.332809
-0.281945
1.632559
-0.153769
-0.062001
0.809855
0.483471
-0.494716
0.219516
1.600007
0.734149
1.048218
1.288829
0.351762
0.982041
1.454699
1.622437
-0.811281
-0.404576
-0.567409
-0.593963
-0.786480
0.210807
-1.504445
-1.579099
-0.739760
-0.971733
-0.665484
-0.403072
0.165337
-0.742517
-1.102626
0.067639
1.808066
1.209219
1.527620
1.570581
-0.571792
-1.209469
0.348587
1.754582
2.028640
0.749657
1.776878
-0.784350
-1.449334
-0.383658
0.477098
1.599641
-0.522692
1.114024
-1.386830
-1.886977
-1.499185
1.566951
1.870193
-0.219572
-2.169803
0.573922
-0.263036
-0.079285
-0.158825
-0.693541
0.330801
-0.251514
-4.741609
0.580060
-1.930432
-3.076235
-3.057800
-1.935086
-1.545991
-0.809327
1.326210
0.997431
0.047965
0.892372
1.186430
1.449525
-3.028090
0.967541
0.249670
-0.683687
-0.202422
-0.991706
0.485380
-2.447313
1.491585
1.268400
0.470348
0.803241
0.888256
2.532327
-1.864571
3.343983
2.544499
-0.480370
0.108996
1.865284
-0.594739
-1.988061
3.217982
2.586557
1.248892
1.579102
1.349298
-0.168953
0.175756
2.766966
1.752174
1.620268
2.731347
0.449943
3.518305
-0.455217
-0.186822
-0.235339
0.189345
0.458710
-0.053433
-0.125044
-0.077239
-0.569134
-0.042889
0.588606
-0.365946
0.064689
-0.891091
0.333213
0.166057
0.408705
0.572757
-0.197755
0.088689
0.319758
0.351390
0.323768
0.187533
1.153728
-0.108484
0.546493
0.446289
0.160687
-0.297182
-0.662545
1.097708
0.441568
0.482127
-0.764624
0.375132
0.211663
0.116181
0.507032
0.107384
0.498752
0.597338
0.108742
0.248212
0.330302
-0.369116
0.018760
-0.335671
0.554903
1.526621
-0.501252
-0.227044
-0.303990
-0.223584
-0.786850
-0.054504
-1.711226
-1.539866
-0.738842
0.091207
0.159378
-1.163232
-1.162472
-0.917542
-1.023343
-0.358494
-1.689205
0.169587
-0.363726
0.898390
-1.215289
-0.395365
0.955088
-1.264225
0.090109
-0.315803
1.043088
-1.530164
-0.880334
-0.535253
-1.023850
0.540485
-1.469332
0.097449
-1.694605
-1.615295
-0.889952
0.135501
0.403803
-0.983858
-0.882781
-0.199033
-1.308519
-0.748123
-0.368872
0.351661
-0.613381
-0.046150
-0.415039
0.035112
0.965512
1.161511
0.772391
0.747683
1.138572
-0.859244
-0.527251
-0.166089
0.258611
0.119552
0.415133
1.540977
0.601007
0.218574
-0.112581
0.039945
-0.425812
1.469356
1.546361
1.328437
0.205383
0.641323
1.030537
1.939013
0.646617
0.336454
1.216783
-0.130977
1.043633
0.786141
0.622371
1.839898
2.481683
1.146093
0.305427
0.075892
-0.758270
-1.245580
0.657484
1.912446
1.308468
1.455980
0.410206
-0.845682
-0.784095
0.611411
1.822713
-0.684554
-1.144467
-1.530173
-1.299728
-1.326594
-1.782985
-1.435426
-0.137785
-0.510514
-0.195494
-1.195135
-1.637115
-1.332398
-0.949626
-0.909457
-0.318476
-0.195364
-0.679338
-0.075576
-0.540706
-0.779172
-0.703008
-0.323041
-0.665514
-0.208340
-0.568810
0.542988
0.090574
-0.854552
-0.300544
-1.054024
-0.223664
-0.040363
-1.134426
0.124547
-1.122232
-0.973688
-1.558017
-1.808678
-0.942584
-1.708974
-1.050633
-1.767726
-0.823513
-1.369827
-1.329920
-0.991489
-1.578819
-3.007399
5.189746
2.137856
3.352546
2.270466
2.019158
2.102203
2.897106
2.591883
1.055449
1.680241
1.953614
1.885896
0.552072
0.705987
3.302328
-0.101089
0.936752
0.857947
2.010789
1.175125
-0.238590
3.186566
0.483485
3.115696
1.450672
0.825881
3.710486
0.910883
3.159174
-0.629139
1.681436
1.895787
1.101537
1.773502
-1.450564
4.220711
1.443606
1.779155
2.110573
2.208943
0.829250
1.231213
3.497657
1.263821
1.057514
0.133915
-0.616205
-0.699901
0.304895
3.731837
-0.129528
0.258000
-0.531716
-0.324955
-0.902012
0.494537
0.650514
1.009023
-0.652780
-1.995372
-2.423254
-0.065293
-0.229735
-0.366518
-1.273066
-2.002173
-1.710470
-1.463807
-1.109983
0.447381
-1.234223
-1.948064
-2.652082
-1.539831
-2.690623
-4.143396
-1.652885
-0.946146
-0.368029
-2.126864
-0.856972
0.205553
-2.862170
0.764625
-0.855008
-0.670313
0.148119
-0.800144
-0.597613
-0.196937
-0.802108
-0.718225
-0.240617
0.155677
-0.299411
-1.018392
0.021614
-1.239211
2.527127
0.461949
0.428293
0.117278
0.082242
0.509672
2.679442
0.022093
-0.554286
-0.224804
-0.982580
-1.420538
-1.371348
1.035222
0.726018
-0.264155
1.200394
-0.440892
-1.653023
-0.836133
0.898095
0.576811
-1.188399
0.127461
-0.140491
0.027529
0.789965
1.569315
0.686840
-0.519595
1.127301
0.089059
-1.622560
0.889293
-0.811625
0.663452
-0.232226
0.295222
1.128163
-0.968168
0.659742
-0.994661
2.035147
-0.130394
0.558342
1.397238
1.546620
0.845109
1.732331
-10.647736
-2.550457
-4.622672
-3.985595
-3.511854
-4.392334
-12.862741
-4.121531
2.043960
3.822687
3.304204
2.794925
4.493587
-4.181259
-6.382133
3.147932
0.574998
-0.797206
-0.316827
0.459399
-3.178972
-5.414098
2.823611
-3.384052
-2.844591
-2.122311
-3.844736
-5.480247
-6.152218
4.002294
-2.924224
-1.205012
2.861717
-5.957415
0.475668
-5.768390
0.953262
2.357364
-0.183033
-3.024625
0.724422
-4.623745
-11.852963
-3.731707
-3.974036
-2.209224
-3.166128
-1.946131
-14.518589
2.442145
3.423481
2.002859
0.918622
1.060321
1.916088
3.249101
0.151296
0.428579
-0.545387
-0.670400
-0.514376
-0.794441
0.057431
0.208450
0.788324
0.435670
0.965762
-0.809737
-1.057818
-0.755781
0.646344
0.886080
0.168122
0.274224
-0.735897
-0.639113
-1.858098
0.525363
0.862163
0.334019
1.419092
1.125262
0.674435
-3.683241
2.201295
1.336352
-0.012098
1.759227
2.784507
2.333402
-1.206887
1.343305
-0.053398
-1.738786
-0.380880
-0.138640
-0.630351
1.362772
0.428613
-1.141015
0.745410
1.234072
1.527395
0.194082
-0.309777
-1.556842
-0.924401
-0.082264
-0.987803
-0.975436
-1.763186
-1.199804
0.903758
1.253670
0.782718
-0.389106
-0.974599
-1.783620
-0.103015
1.409500
1.299360
1.568790
0.706637
-0.287348
-0.576480
0.433226
0.993986
0.685469
0.248051
-0.407236
1.062102
-1.355845
0.030075
0.394975
-1.292863
-0.537602
-0.349494
-0.014251
-1.029826
-1.390219
-0.430186
-1.847650
0.258531
0.081112
0.377263
0.143047
-0.457119
-1.480022
-0.672967
-0.869433
-0.662838
-0.592462
-1.008586
-0.115293
-1.622640
-1.028178
-1.216113
-0.396796
-0.123424
-1.033909
0.035188
-1.458964
-1.432039
0.559140
0.355744
0.682964
0.175139
-0.020260
-1.617175
-1.352200
0.564605
-0.557008
1.095356
-1.274760
-0.595661
-1.077227
-1.458963
0.005332
-1.057635
-0.239783
-0.773866
0.746277
-1.852961
-0.324954
-0.610589
-1.044306
-1.366062
-0.825715
1.489086
0.487433
1.195321
0.776533
0.554742
0.406793
0.752541
1.628772
0.868013
-1.834363
-0.666756
-0.175472
-0.091997
-0.608958
-0.933190
-1.444538
-2.161297
-1.324679
-0.619459
-0.842335
0.478497
-1.718663
-0.034824
-0.673098
-0.164975
-0.591495
-0.676321
-0.235142
-0.355105
-0.642848
-1.382894
-3.117356
0.912192
1.084962
-1.107832
-2.172108
-0.776948
-1.142761
-2.377104
-0.269342
-1.102115
-0.640353
-1.083611
-0.524237
-0.938283
-0.452821
0.161752
-1.412727
-0.718631
-0.543988
-0.902420
-2.461100
-1.449630
-1.078101
-1.570425
-1.518553
-1.710763
2.584877
1.202950
1.150275
-1.348021
-1.643976
0.825742
3.049516
0.652213
-0.275731
-1.400455
-1.889675
-1.053520
-1.742305
1.041168
2.444044
1.155723
1.628353
1.643854
1.117699
0.075684
1.439205
2.142156
2.062839
1.314720
2.353829
2.439806
-0.098207
-0.152700
2.229345
1.379989
-0.264106
-0.614917
-1.678366
-0.021918
0.480017
2.759010
2.422731
2.357704
0.015014
-1.195080
0.544076
1.093723
2.334455
1.164564
1.407114
-1.241216
-1.003387
-0.571686
1.140465
1.137190
0.842700
1.016952
0.725994
0.591039
1.115262
2.607723
3.912983
2.453929
2.353117
1.782830
0.559986
1.555892
2.573432
2.359151
1.555156
1.948839
-0.576470
-1.008563
1.035495
2.807286
1.037114
-0.615322
0.176163
-1.132629
0.145993
0.946457
1.023280
1.362509
-0.465650
2.723107
-2.447013
-4.108133
2.465410
0.602075
1.073907
0.829455
0.674778
-0.408105
0.856094
0.472713
0.136281
3.360798
2.075405
1.345878
0.814885
1.603869
0.388383
2.937093
-1.071029
-1.977906
-1.836406
-1.706086
-2.045346
-1.798899
-1.687478
-1.411024
-1.001603
-0.202983
-0.178420
0.424499
-0.863487
-0.657047
-0.815388
-0.508193
-0.721619
-2.038139
-2.048215
-2.057923
-1.918555
-0.499661
-0.205483
-2.064616
-3.208527
-3.032240
-2.298119
-1.874208
-0.730664
-0.407878
-1.030505
-1.416026
-1.067572
-1.219810
-0.572837
-0.721251
-0.361324
1.054408
0.178124
-0.477746
0.783028
-0.183420
0.023093
-0.361398
-1.385579
-1.495307
-1.243049
-1.393595
-2.026004
-0.636288
-0.564023
-0.593530
-0.482642
-0.370158
-0.760801
-0.238315
0.784576
0.654049
-0.004510
0.443080
-0.068224
-0.383220
0.193206
0.216043
0.145845
0.002161
-0.279004
-0.278347
0.148852
0.527279
0.249685
-0.609976
-0.632905
0.353712
0.564587
0.235308
-0.999679
-0.006766
-2.052453
-2.409454
-0.819440
0.721990
-1.640383
-1.503559
-0.724434
-2.465086
-2.223670
-1.406769
-1.769690
-2.147460
-1.735484
0.218768
-0.334261
-0.954103
-1.312514
-1.959890
-0.861634
0.487622
0.021693
0.990410
1.182431
1.082788
1.080920
1.505441
0.810741
0.408224
2.032304
1.630825
0.603151
0.157041
2.240309
1.331689
0.924813
1.286434
0.665740
1.458111
0.908101
1.040232
1.870902
0.864819
0.572014
1.165201
0.527174
-0.290107
1.371649
1.346947
0.671034
0.762270
0.690340
-0.256373
-0.757599
0.865443
0.378852
0.946712
2.304662
1.942314
1.670474
1.605707
1.692687
0.637923
1.819732
1.837378
1.681788
1.328159
1.745829
1.065558
1.470045
0.107520
-0.112375
0.410345
0.596801
0.416532
0.519119
0.072594
-0.172204
-0.600638
-0.617006
-0.256779
-0.144638
-0.573857
-0.301024
0.229761
-0.750054
-1.161417
-0.068287
0.096791
-0.909495
-1.513735
0.367431
-0.429845
-0.794222
-2.071538
-1.774664
-1.154761
-0.159909
0.303843
-0.154193
0.827816
-0.364690
-0.321540
0.344016
0.136808
0.495860
-0.458114
-0.182071
0.033987
0.515828
0.058184
-0.570567
0.109634
-0.309403
-0.162964
-0.081442
0.192565
-0.297970
0.026313
2.453003
-0.097932
0.392669
0.315509
0.373615
0.109861
0.257145
-0.817868
-0.374989
-0.574799
-0.299459
-0.605355
-0.612050
-1.435839
-0.448201
-0.160244
0.274396
1.217662
1.569390
1.496263
-0.686377
-0.509827
-0.463136
-1.523300
0.880181
1.510683
0.451806
-0.875117
-0.364175
0.314993
0.324778
1.036905
1.379106
1.159126
-0.774181
0.414384
0.068577
0.174491
0.113724
0.123079
-0.208050
-1.741736
-0.010986
-1.192342
-1.386402
-1.009268
-1.181956
-0.961890
-2.298596
2.818008
1.583274
2.455184
2.128326
1.950361
1.727528
2.521354
0.272840
-1.108782
0.182227
0.898730
0.598317
0.448676
-1.838067
1.407689
-0.999118
1.017165
0.294646
0.220954
2.074059
-0.700338
1.704466
-1.033584
1.667620
-1.573123
-1.809491
2.099751
-0.587665
1.781793
-1.383752
1.769134
0.193757
-0.497679
1.981943
-1.411074
1.860624
0.239126
0.425238
1.422351
2.513459
1.634282
-0.476249
1.550187
-0.316080
-0.022559
0.502816
0.656219
-0.096379
1.547303
-2.852538
-1.584510
-1.545945
-2.605630
-2.818664
-2.026471
-1.099948
-0.791279
-0.196746
-1.764318
-2.288493
-1.718325
-2.656966
-1.977481
-1.296951
-1.336563
-0.259025
0.623589
1.844579
0.260197
-1.193107
-1.042747
-1.275713
1.691353
-1.041965
-0.704763
1.586335
0.043127
-0.973430
-1.229329
-0.033095
-1.711028
-1.298777
-0.196223
-1.984255
-1.068935
0.191271
-0.575512
-3.001987
-0.974211
-0.933690
0.281176
0.044299
-0.439746
-0.586715
-0.771474
-0.407561
-0.087819
1.500992
-1.925474
-0.452446
-1.836712
-0.654450
0.023961
-1.292797
-0.095977
-0.557184
-1.039004
-1.735838
0.333923
0.488261
-1.602630
-0.347451
-1.562050
-1.913880
-2.562532
-0.907341
-1.135625
-2.201296
0.371929
-1.584078
-1.387614
-5.663052
-3.983513
-2.211732
-4.912625
-1.725146
-1.865827
-0.802733
-4.194148
-3.006604
-3.532999
-3.988925
-0.467004
-2.202328
-0.234727
-0.144676
-2.778965
-2.447359
-1.538345
0.523689
0.715515
0.393959
-0.114915
0.393700
0.204708
0.357886
1.835422
-0.205026
1.167605
1.972998
3.490307
3.852519
2.844069
-0.121973
1.978791
3.479187
2.701825
2.323049
2.160534
3.214622
1.599665
2.295133
3.399029
0.699405
-0.186145
0.063129
-0.057453
1.195406
2.399036
3.126009
0.652608
-1.338577
-0.436810
-0.014132
1.040420
2.275789
3.482083
1.962226
-0.159157
0.615889
1.225986
2.147097
1.632447
3.092186
0.889951
0.299431
0.987715
0.596660
1.233978
-0.000347
2.115243
1.642988
2.432165
3.240338
1.749092
-0.166106
-1.616177
-1.605318
-2.091424
-2.627398
-2.461742
-2.018615
-1.200127
-4.438447
-2.788465
-1.953149
-1.540004
-1.063992
-1.569066
-2.760168
-4.511714
-4.037232
-0.639680
-2.421513
-4.475311
-1.619084
-3.168571
-4.243729
-5.084398
-2.497229
-3.763587
-5.425959
-2.327902
-4.948263
-4.008628
-3.349064
0.885180
-2.555661
-4.350953
0.707441
-3.170254
-3.674257
-2.086836
-0.472341
0.100801
-1.861065
2.630610
-1.592775
-3.253006
-2.449811
-1.104679
-0.294448
-1.476220
0.632949
-1.785045
4.609734
-0.114876
1.332658
0.222151
-0.022053
0.991769
4.710780
1.657476
-0.242709
-0.363566
0.249438
0.610387
-1.248433
3.811584
3.220508
0.041241
0.948037
0.108024
0.595809
2.080847
4.035106
3.535733
-0.866427
2.538853
2.711667
2.513686
3.044458
3.501471
3.224747
-1.160594
1.981045
2.238086
2.789290
2.442794
3.270098
2.883980
-0.905549
0.993888
1.291667
0.779586
1.593310
2.822430
4.772952
3.002345
3.356816
2.420365
2.355828
2.782436
5.056154
1.445092
-1.914228
-0.271053
-0.294007
-0.527369
0.238888
-0.695555
-3.196662
-4.882203
-4.802998
-3.576390
-3.270482
-5.287576
-4.859249
-0.522552
-3.299245
0.131204
1.174039
0.465734
-1.196712
-4.068195
-0.967600
-3.930191
-0.170453
0.690878
-0.193549
-2.278796
-6.576103
-0.566901
-4.477253
0.207008
-0.348699
-1.056439
-0.555991
-5.785333
0.847303
-2.045433
-1.486183
-2.860857
-1.415339
-0.980919
-2.001651
-3.001981
-5.143195
-4.279171
-2.496715
-1.070608
-3.829165
-7.474133
-1.118941
-1.280410
-0.490924
-0.068499
0.217591
-0.181876
-0.485161
-1.969934
-1.173551
-0.157973
-2.072541
-1.700567
-0.671100
0.358557
-1.477781
0.253210
-0.664864
-0.810365
-0.006992
-1.980422
-0.677997
-1.368655
-0.264453
-1.335115
-0.206159
-0.045729
-1.538533
-0.592303
-1.279748
-0.296954
-0.575863
-1.160040
-0.557912
-1.155317
-0.038359
-0.423937
-0.450770
0.619703
-1.906349
-1.609866
-0.313867
0.955017
-0.963614
-0.362052
0.269082
0.047053
0.732230
0.375847
-0.256705
-0.169218
0.028136
-0.107696
-0.815532
-0.898728
-0.940730
-0.931711
-0.281626
-1.241878
-1.963176
-1.500079
-0.865881
-1.430616
-2.264054
0.741223
-0.207046
-1.440846
-0.311377
1.710090
1.077371
0.968732
1.242013
0.373977
-0.406958
-0.044021
0.641873
1.594046
5.064303
1.623663
1.159222
-0.232086
3.258903
1.862884
1.803651
3.057106
1.937060
1.563756
1.655838
3.328502
2.273747
1.877961
0.501060
0.948000
0.057752
2.444580
3.133974
3.864966
2.611509
0.609025
1.846393
0.412139
0.771881
-0.172454
-0.537685
0.190719
2.201420
1.114645
-1.401925
-1.153150
-0.458276
-0.471911
-1.588271
-0.239686
1.068252
-0.720343
-0.291996
0.702592
0.732606
0.069033
0.109853
0.912521
-0.971778
-0.240800
1.006594
1.455436
0.348250
-0.907718
1.045869
-1.954360
-0.896914
-0.518476
-1.078286
-0.873758
-2.696227
1.063192
-0.756618
-1.290872
-0.094674
1.009082
-0.973234
-0.672321
2.167719
1.017314
1.163183
0.516160
1.332121
1.288985
1.677455
-3.358538
-1.170846
-2.472565
-2.986853
-2.786048
-2.596752
-3.316008
-2.571871
-1.143882
-1.235297
-0.876545
-0.592219
-0.933542
-2.642459
-3.082540
-1.533214
-1.885608
-2.695182
-1.696313
-1.279140
-2.280310
-2.991236
-1.011035
-2.327442
-3.218456
-1.088310
-1.984913
-1.890650
-2.919333
-0.297698
-1.659155
-3.589922
-2.264307
-2.658792
-0.402266
-2.531755
-0.516150
-0.877641
-2.553018
-4.121527
-0.909538
-2.821232
-3.737457
-1.593062
-1.671541
-2.075999
-1.893829
-1.809759
-2.690579
3.643540
1.574519
2.667523
1.556336
1.140338
2.076236
2.079317
1.366135
-0.002887
-0.342399
-0.796880
-0.904727
-0.148254
-0.324408
1.717867
-0.441108
-0.932243
1.238180
1.982531
0.149601
0.610721
2.062864
0.666712
0.953024
2.196398
2.955758
1.805319
1.865160
2.273172
-0.207229
0.248213
0.826415
2.438647
1.340062
0.772347
2.105003
-0.569062
-0.040310
2.400935
4.949160
-0.185004
0.086874
1.497458
0.133055
1.762412
0.961201
1.161792
0.547032
-0.220120
4.947946
0.295435
0.900191
-0.028301
-0.541807
-0.752342
1.481539
-0.236057
-2.323676
-3.060544
-1.604793
-0.334712
-2.632468
-1.075019
1.603998
-3.117410
-1.520155
0.631337
0.393692
-0.626311
-0.002115
1.238737
-0.833672
1.131620
-0.652761
0.547363
-0.056600
2.826471
1.294148
-0.246372
1.419253
-0.611897
-0.127087
-1.568161
0.661489
1.748807
-0.702353
0.054749
0.978745
2.190109
-0.615071
-0.498167
2.756512
-1.112710
-1.424940
-1.661526
-0.973191
-2.284267
-1.459588
9.386994
2.222232
4.424145
3.615457
3.095200
3.937688
5.339411
0.295897
0.141002
1.422046
-0.091859
-1.808557
0.678467
-0.081698
2.486818
0.450585
0.892251
2.463180
2.939062
3.911145
2.200667
2.070449
0.325549
3.296127
5.002253
1.909125
4.162874
1.537128
1.867863
-1.419350
1.645161
4.053389
1.726446
3.866771
0.446229
2.605219
-0.397294
2.587593
3.017440
1.785333
2.279461
0.292994
2.615586
-0.469662
-0.323475
0.026334
0.626007
0.061584
-2.156500
-1.460619
0.106402
-1.425924
-0.669778
-0.180871
-0.494712
2.042280
0.231823
3.843450
3.325801
1.721764
1.255070
2.715542
3.612209
-1.145616
2.173507
0.513728
-3.209091
-4.055096
-1.163327
3.564159
-1.312697
1.942555
-1.423892
-1.164052
-2.074799
-2.418686
3.397512
-1.503586
3.021108
1.262617
0.468438
-1.603603
0.319499
7.970401
-1.540311
2.087136
1.902781
1.808861
-0.736261
2.260751
4.430630
0.069824
2.018766
0.699681
2.533800
2.260170
2.120817
4.910680
0.877636
1.390013
1.223358
1.056633
0.750335
0.982933
0.110445
1.100218
1.704070
1.207419
0.891600
-0.236195
0.585019
0.208900
1.752521
1.540023
1.092743
0.966359
1.341420
1.990903
0.969532
1.389238
1.330135
1.431836
3.073207
2.138655
2.473024
0.622329
1.457508
0.978418
0.809930
2.574935
1.879540
1.757387
0.367516
1.348120
2.049087
1.154806
1.616616
1.092178
1.598068
0.970873
0.911560
1.874533
1.324141
1.031737
1.073277
1.220184
0.381338
-1.917810
-1.340287
-1.900707
-1.930096
-1.612007
-1.758103
-2.063064
-2.120636
-2.508703
-2.257459
-0.126585
0.387826
-0.352054
-1.335831
-2.825468
-1.707036
-1.693788
-1.539379
-1.025811
-0.964626
-0.169583
-2.762957
-1.240561
-2.143400
-1.659100
-1.432546
-0.800343
-0.557289
-2.372723
-0.657015
-1.720646
-0.967517
-0.828286
-1.409180
-1.198406
-2.132921
-0.478038
-1.154083
-0.304840
-1.377142
-0.969444
-0.946921
-0.818769
-0.773243
-1.383646
-1.529263
-2.103895
-1.463982
1.076638
-0.119574
-0.312924
0.177835
0.532266
0.777109
0.024096
0.151922
-0.796750
-0.059003
0.729989
0.945454
0.725697
0.545717
0.274550
-0.875310
-0.337763
0.224129
-0.422595
-0.270672
0.079963
1.495462
-0.914508
-0.271744
-0.320846
-1.829346
-0.609754
-1.470293
1.113139
-0.988283
0.163476
0.394042
0.107114
0.026984
-0.294190
1.307642
-0.456016
1.141690
1.166942
0.960390
1.120318
1.068989
2.008830
0.354185
1.312428
1.228832
0.986714
0.997360
1.532926
1.056941
-0.519381
2.198659
1.133337
0.931363
0.704514
1.074002
0.156890
1.366794
0.633519
-0.688709
-1.303053
-0.937711
-0.952739
-0.469633
-0.113748
-0.103643
-0.075918
0.887056
0.450977
0.319480
-0.497746
0.188371
0.540110
0.641680
-0.951443
-0.861923
-0.233975
0.543997
0.191351
0.872157
2.111599
1.511764
1.213920
2.193866
0.041198
-1.273125
0.304841
0.060502
0.905063
0.484014
0.859072
-0.503964
-1.894337
-0.526637
0.244599
-0.241618
-1.289709
-0.475462
-0.325438
1.774990
0.811619
-0.023489
-0.455425
-0.379238
0.203374
1.879399
0.799027
0.308141
-0.913976
0.257321
1.157006
0.894416
1.016690
0.869586
0.353248
0.160412
0.896383
1.294019
1.171922
1.845817
0.553138
-0.022330
0.466143
-0.327077
0.028046
0.126025
1.793745
0.494188
0.017060
0.015630
-0.470163
-0.782503
0.552959
1.570901
1.061440
0.388080
-0.821444
-0.736327
-1.141644
-0.512053
1.323494
1.694337
1.335819
0.886824
0.732038
0.836003
1.756947
2.100994
2.286119
0.705361
1.230918
1.032565
1.068299
0.628064
2.681310
1.553883
0.327810
0.535550
-0.435012
-0.305098
-0.478165
1.754809
1.994799
0.483388
0.639344
-0.067833
0.676441
-0.229770
1.649576
1.722633
-0.144979
0.696881
0.018094
-0.624430
0.279813
1.221606
1.771086
0.136954
1.230236
0.105308
0.368995
0.591195
1.134543
2.316706
0.484296
0.972606
-0.533128
0.645477
0.377701
2.562298
3.253577
1.879649
2.137128
1.311091
1.279218
1.295798
3.112989
0.451076
1.212308
1.114029
0.528665
0.737027
1.194734
0.768062
0.614742
1.325707
0.917935
1.570211
2.388474
1.179350
1.674989
0.509234
1.492026
1.148049
1.519945
1.892105
1.502702
1.115952
0.696376
1.487649
1.330814
0.734441
0.528334
1.697006
2.146955
0.743261
1.450844
1.370934
1.012567
0.975100
1.509466
1.345668
0.984913
1.399582
1.909215
0.889884
0.769522
1.591565
0.885043
0.178719
0.709772
0.662953
0.289068
0.467920
0.718260
-0.468716
4.905218
1.361598
1.465913
0.800409
1.126324
1.993975
4.958647
2.069534
0.451657
0.522282
0.435869
-0.596712
-0.905288
1.253899
2.785644
0.508750
0.787862
1.130694
-0.676923
0.109954
0.170006
2.430550
-0.696376
-0.186075
-0.261352
-1.796762
1.181584
-0.760092
2.352453
-0.260506
0.778560
-0.108122
-3.571815
2.194571
-0.572184
3.188809
2.306639
0.993110
0.360170
0.107558
1.220773
2.693592
2.380224
0.677908
0.084863
-0.438265
0.167611
-0.255573
-0.662121
0.158851
-1.900337
-1.070724
-0.029458
0.283259
-0.324049
-3.038817
-3.762152
-5.773752
-2.612566
1.840739
3.540982
0.602779
-4.547123
-5.105032
-5.730697
-0.994585
-0.161799
0.918215
-0.159534
-3.154388
-4.833328
-6.198870
-3.723175
-8.721699
-9.786078
-5.493893
-7.689046
-5.202021
-6.868044
-0.887851
-2.214417
-3.547100
-2.331120
-4.259558
-4.398468
-7.589792
-0.653086
1.268553
-0.730133
1.299825
-3.460309
-0.055294
-2.549343
-1.640418
1.763466
2.508103
1.634526
-5.244623
-1.788395
-0.041379
-0.156688
0.039684
0.269950
0.111143
0.433841
0.377705
0.355038
0.364147
0.118628
0.003319
0.618209
1.004388
0.626965
0.514621
1.044566
0.989277
0.174201
0.624141
1.519716
0.706404
0.340633
1.851663
1.414786
0.205763
1.842766
1.772649
0.605358
-0.183592
1.312327
-0.237328
-1.245670
1.719336
0.475008
0.080286
-0.167634
0.458555
-0.110226
-0.250673
1.094701
-0.024856
1.007283
1.400381
1.235078
0.805050
0.911462
1.430532
3.394823
-1.029214
-1.211721
-1.112858
-0.702187
-0.734728
-0.630669
-0.560638
-0.929361
0.531930
-0.272708
-0.538239
-1.552111
0.087851
-0.732378
-1.459187
0.034522
-1.285218
-0.975760
-2.169665
-0.856976
-1.441864
-1.300562
0.598993
0.495304
1.458693
0.727058
-0.086242
-1.067818
-1.530087
0.647126
-1.483191
-2.100621
-1.701704
-2.057932
-0.909688
-2.863684
-1.616576
-2.438536
-3.851818
-3.525287
-3.690348
-3.138125
-1.735731
-0.766775
-0.919709
-1.560896
-1.465250
-1.185241
-1.210236
-2.429529
-0.694768
-2.474022
-2.735616
-2.809149
-1.778221
-2.600906
-2.805235
5.244035
1.201892
3.339958
2.275456
3.227288
-2.681238
-3.646868
2.052175
1.238349
0.607022
2.003152
2.312121
-1.971638
-3.858412
1.733731
1.247414
0.204537
3.145101
-1.580689
-2.732320
-4.003626
2.413874
0.830509
-0.656664
1.985232
-1.631153
-0.051083
-2.970843
3.718138
2.146101
0.686530
-2.974139
2.363616
-0.681999
-1.966694
1.889039
1.640009
0.132858
-3.179914
1.039578
1.064090
-0.405980
-0.120277
-1.330371
-0.685232
-0.822069
-1.702883
-0.393777
0.624920
1.512181
-0.101276
-0.063102
0.206912
-0.368153
2.046282
0.936768
1.003009
-1.032292
-0.196105
0.823812
-0.421842
0.492265
1.001613
-0.306794
1.676213
0.684534
1.583826
0.551532
1.611193
0.981566
-1.432519
-0.172398
-0.907833
-0.168040
-1.448034
0.135791
-0.535843
-1.623744
-4.939737
-2.302351
0.567221
-5.480636
-3.050686
-0.742233
0.971632
-0.831481
-2.442674
-2.163073
-1.393647
1.108817
2.287253
0.142929
1.031510
1.150730
0.921027
0.903075
1.801352
-0.490990
-0.106166
-0.311201
0.082359
0.552807
-0.476111
0.236711
1.119534
-0.115669
0.444242
2.781989
2.764901
1.252479
0.075065
0.989659
-0.627872
1.399056
1.751341
1.563680
2.865019
0.248518
0.787312
-0.315233
1.728303
1.560994
0.740853
2.439015
0.225963
1.343670
1.265918
0.191404
0.021885
1.142476
-0.149841
0.569606
1.101296
0.604162
0.796430
-1.261984
-1.065492
-0.090903
1.205253
-8.590052
-3.979753
-4.892832
-3.877380
-3.468953
-4.234617
-7.692608
-5.450143
-0.999549
-0.416579
-0.124694
-1.754790
0.115872
-3.316193
-7.512721
-0.488348
-1.431231
-0.722899
-1.328590
0.058671
-2.945856
-7.270287
0.720626
-2.507627
1.358526
-0.543144
-0.376352
-4.439899
-7.390167
0.448521
-4.434690
0.549958
0.597805
-3.927765
-4.069161
-6.959021
-1.265641
-1.585862
-0.375284
-1.288228
-2.383735
-3.429793
-8.051723
-4.041366
-4.443510
-4.906599
-5.461370
-3.351746
-7.055380
0.945300
-0.626215
0.397224
2.633747
3.171813
1.600854
-1.231853
-0.195483
-0.296701
0.968938
1.497967
0.757743
1.920079
0.412795
0.207024
0.743979
0.747315
0.651242
0.401395
0.576163
0.131389
0.074661
-0.268477
-2.444242
-1.433176
0.091486
-1.739331
-2.095819
0.303096
-0.848394
-2.024910
-1.916464
0.103860
-1.654103
-0.491630
0.079528
-1.147181
-1.046659
-0.312829
-0.613702
-0.789442
-0.184361
-0.821837
-1.096709
-1.369915
-0.916521
-1.009953
-0.292252
-1.671066
-5.903051
0.229756
-1.473396
-2.250061
-2.117603
-2.083448
-2.262833
0.294335
-0.342266
-1.492769
0.691278
1.261291
-1.176478
-0.244968
-1.949555
-1.502385
-2.595341
-1.444551
-0.456068
-1.073583
-0.189286
-1.393317
-0.488214
-1.122232
-2.186056
-0.568722
-1.532521
1.490617
-1.232303
-1.020485
-1.452731
-1.509416
-1.232015
-1.284253
0.320597
-1.187098
0.064292
-2.003800
-0.355039
-0.246260
-2.919524
-0.354608
-1.146629
0.996519
-0.881282
-1.860005
-1.815518
-2.003083
1.458184
0.564084
2.559407
2.061942
2.329628
2.526553
2.249869
2.089741
0.635757
2.003107
1.823873
1.769689
1.815483
1.603496
1.733801
0.732703
1.959032
1.318320
0.003235
0.109481
0.503330
0.886967
0.755550
1.326509
1.190341
-0.453493
-0.876051
-0.310348
1.041838
0.665681
1.806486
1.834286
0.702578
0.505958
0.348965
0.830559
0.039728
1.947204
1.735015
0.155781
0.286794
1.078939
1.654042
0.328949
1.940835
1.603597
0.573890
1.412537
1.478953
1.997546
-0.486339
-1.816783
-1.050140
-0.394273
-0.744054
-1.281046
0.106555
1.337632
1.181224
1.928928
2.055675
1.476244
0.712111
1.170500
2.044038
1.807885
3.129660
1.672468
0.177970
0.260568
2.255664
1.391708
0.671839
0.961727
1.687641
0.369402
0.618904
0.470824
1.119048
0.115567
0.781816
0.473448
0.299241
0.604187
1.743998
1.261994
0.016542
0.874110
0.652559
0.522048
0.401575
1.937712
0.228624
0.018138
1.750273
3.265304
2.776342
2.053393
1.388513
-1.179260
0.194506
0.448001
0.496729
0.524737
0.704464
-1.160295
0.236891
0.870828
0.986709
0.625838
0.156443
1.869619
0.189716
0.048661
0.339206
1.235681
0.578662
-0.360129
1.137213
-0.346967
0.113114
-0.126882
0.287779
1.045021
-0.535806
1.562267
-1.069386
0.157725
0.795374
1.402989
0.683340
-0.855710
2.114135
-0.189175
0.150166
0.566244
0.844169
0.550249
0.400825
1.398131
0.413176
-0.202538
0.744217
0.462579
0.909972
1.328683
1.087944
-0.342919
-0.059659
0.091309
0.316500
0.576978
0.407967
0.227642
0.005777
0.310802
-1.224220
-0.106423
0.143611
0.012581
-0.091310
0.319269
-0.651752
-0.878919
0.023183
0.544378
0.827725
0.216169
0.720747
-0.665203
-0.431626
-0.509486
0.641940
1.333807
0.226375
1.081400
-0.682136
-0.455284
-0.519295
1.541114
1.523311
0.891420
0.413427
-0.068919
0.035210
0.029830
-0.181829
0.181670
0.397998
0.702392
0.439460
-0.177398
0.202322
0.612426
0.822344
0.113148
0.253437
1.919903
0.052594
0.270597
-0.040006
-0.010410
-0.024633
0.696798
0.427048
0.158812
0.351880
-0.125766
0.745459
0.567038
0.227565
0.688689
0.415791
-0.285667
-0.911231
-1.231154
-0.244391
-0.250867
0.708782
-0.166014
-1.305415
-1.212210
-1.660260
-0.990334
-0.736320
0.685662
0.769305
-0.885267
-0.255648
-0.824017
-0.810582
0.249596
0.627984
0.009139
0.054289
-1.444436
-1.369933
-0.320044
0.173156
1.313162
0.656793
0.348309
0.036435
-0.465239
0.557355
0.106096
0.386749
0.950261
0.491807
0.667086
0.639132
0.687208
-0.173928
2.043524
3.232259
0.725559
0.562027
0.511523
1.059775
0.883010
1.433558
1.345109
-0.360686
-2.434187
-3.396195
-1.025611
-0.422938
1.028851
-0.354743
-0.389449
-2.104156
-3.844789
0.152322
-1.471639
0.397415
-0.370003
0.293166
-1.094208
-2.221639
-0.365546
-0.315583
0.093716
-0.656823
-1.163619
-3.663975
-2.906009
-1.473530
-1.031551
-0.697874
0.328547
-1.542939
-2.242163
-1.273133
-1.437339
-1.918613
2.659929
1.505489
1.723592
1.664199
1.465068
1.567996
2.544046
1.238398
0.764955
-0.154251
-0.638454
-1.023409
-1.225231
-0.438755
1.662288
-0.386937
-0.618632
0.036669
0.299583
-0.762690
-1.507117
1.290924
-0.819039
0.055996
-0.096698
0.623518
-0.133722
-1.730316
1.598010
-0.775503
-0.115813
-0.561717
0.137615
0.340783
-2.630339
2.171763
0.197291
-1.287738
-0.278133
0.057977
-0.553435
-1.012508
1.942898
0.454967
0.449232
-0.600298
-0.046792
-0.370726
0.657285
0.048709
-0.788604
-0.269961
-0.370491
-0.287620
-0.529934
0.195631
-0.367668
0.046754
0.211988
0.296378
0.432227
-0.216548
-0.592756
0.130276
-0.015995
0.686628
1.272073
1.420660
1.098227
0.173991
0.204171
-0.320045
0.105596
0.575531
0.337704
1.001316
0.343350
0.174570
0.727664
-0.242385
1.303050
1.077093
0.481442
-0.230734
0.162411
0.716374
0.457414
-0.226824
-0.252446
0.326269
0.051459
-0.122170
-0.385111
-0.351600
-0.952607
-1.268454
0.063184
-0.788750
0.636220
0.223424
1.061186
0.540512
0.849829
0.631927
-0.322916
0.823037
0.822731
0.960567
-0.280992
-1.317431
1.765201
-0.890321
0.830196
1.128570
1.080205
-0.467400
-0.745836
0.297864
-0.097857
0.395619
1.730843
1.540855
1.127139
0.998096
-0.230377
-1.613968
0.550636
1.056278
-0.728045
0.044174
1.338088
-0.668942
-1.385328
0.856576
0.956375
1.295652
0.179864
0.471592
1.740965
0.501451
-1.326738
-0.595422
1.116403
0.726408
0.348582
1.062924
-2.823932
0.523180
0.974046
0.630551
0.428382
0.581546
0.608710
0.817303
0.091403
0.910449
-0.352580
0.748384
0.405073
-0.265031
0.677812
-0.045609
0.067635
-1.548159
-1.343603
-0.764810
-0.397364
0.206758
0.005139
0.208043
0.975147
-0.011287
-0.095349
-0.235482
-0.694698
0.126092
-0.236766
0.158303
0.669462
1.306804
-0.675427
-0.795645
-0.082868
0.520795
0.189780
-0.143345
0.492529
0.193818
0.247595
-0.254937
0.722597
0.528779
0.476561
0.775456
0.494365
-0.170233
-2.211170
-1.698371
-0.990872
-1.166724
-1.010342
-1.436082
-1.715114
-0.011409
0.909891
0.624783
0.342031
0.982315
1.473907
0.201151
0.499653
1.264571
0.679225
0.628998
0.649835
0.142244
-0.901087
0.366832
0.812044
-0.399325
-1.639342
-2.269332
0.170023
-1.351257
0.105659
1.279825
-0.271591
-2.090505
-2.643234
-0.020834
-0.214917
-0.528052
1.102981
-0.207724
-0.338682
-0.917456
-1.399127
-0.141748
0.973633
1.617638
0.927997
-0.694479
-1.779601
-1.354977
0.985043
-0.054641
-0.691016
-0.525001
0.052657
0.205613
-0.611822
-0.596777
-1.114570
0.385836
-0.335374
1.605197
1.685436
1.823974
-1.530705
-0.019224
0.130179
0.207702
4.023755
4.719682
3.570217
0.192345
0.733748
-0.563136
1.537809
2.124974
1.200554
3.337335
2.121527
0.287418
-0.625822
1.253525
4.049456
2.080885
3.104455
1.159391
0.831643
0.812106
0.415195
3.918859
3.169439
0.744613
0.259105
1.539063
-0.225045
-0.743151
-0.314686
-1.063898
-0.528136
2.148587
-0.947900
0.052611
-0.410905
-0.476833
-0.482922
-0.286684
0.581568
-0.284085
-0.274505
-0.653827
0.206386
0.460594
-0.719754
-0.459864
-0.433964
-0.478537
-0.890173
-0.214992
0.135345
-0.041976
-1.127006
-0.410418
-0.608036
-0.989064
-0.178945
0.191610
0.245358
-0.049445
-0.203139
0.068931
-0.136643
0.779023
0.745492
1.011553
-0.941811
-0.121217
0.264844
0.223842
0.308443
-0.179106
1.439671
-0.235858
-0.004384
-0.102544
0.004303
0.432097
0.995396
0.764734
0.912257
-0.993510
1.534943
1.347567
0.923114
0.384883
0.717813
0.367220
1.060961
1.434501
1.707946
1.758080
2.266090
1.822500
1.507754
0.960085
1.438657
2.162271
1.502991
1.798603
2.172143
0.902851
1.044683
1.036976
1.241237
0.216555
1.051523
1.546027
1.328517
1.182184
1.984074
2.234226
0.643261
0.082865
1.334146
0.766302
1.288686
1.997755
0.585334
0.880945
0.538143
0.828992
0.892376
-0.379081
1.137244
0.923805
0.239070
0.368171
0.526714
0.053944
-7.763652
3.781970
1.041840
1.427843
2.027885
1.402841
-2.004406
4.353352
4.578062
3.916737
4.712219
2.048923
4.035037
3.784106
0.597602
2.602011
1.558342
1.181484
-0.175926
2.787695
1.773904
0.856157
1.444612
-0.304900
0.697610
-1.362897
2.962707
1.851043
1.378450
1.297956
-1.429672
1.806834
0.714074
1.138188
0.111592
1.388816
1.035134
-0.223187
1.290943
-0.605833
0.553391
-0.328986
-2.600487
1.299787
0.134766
-0.153365
-1.600720
-0.529304
0.227151
0.125954
-0.169411
0.065546
-0.494365
-0.927088
-0.369130
0.025377
-0.056403
-1.143963
-0.946300
-0.850139
-1.107185
-1.022735
-0.275333
-0.767642
-0.942499
0.146399
0.123694
0.094620
0.451525
0.361732
-0.413307
-1.246392
0.251394
-0.119585
0.310776
0.624428
0.684426
-0.350535
-0.834934
0.756341
-0.324234
-1.890442
0.209786
0.169309
0.216361
-0.345605
0.371493
-0.332145
0.626586
0.027739
0.179376
0.908185
-0.199101
-0.179069
0.630695
0.928732
0.296598
1.449193
6.478859
1.909840
2.714039
1.266204
1.193759
2.312287
2.182204
1.639394
0.585822
-0.180763
-0.947693
-0.949957
-1.252620
-2.134660
2.826884
-0.255818
-0.107621
2.043756
2.141627
1.547794
-1.643921
2.264571
-0.171881
2.182724
2.373238
1.009167
3.761169
-0.054857
2.073362
-0.477329
0.574502
2.540243
1.551799
2.158518
-0.416902
1.573045
1.040861
0.410631
0.357520
1.680840
0.312065
-1.480924
-0.821439
-1.256277
-0.570323
-0.650082
0.059035
-0.812907
-4.135754
-1.045899
-0.139136
-0.201356
-0.919851
-1.008106
-0.693020
-0.747471
0.262945
0.041363
0.038073
0.436934
0.933709
0.087975
-0.170141
-0.584609
-0.224171
0.043042
-1.006706
-0.405440
-0.503493
-1.084462
-0.809760
-0.494184
-0.295349
-0.227881
0.450581
-0.983890
-1.217160
-0.838666
-0.546466
-0.273933
0.349869
1.080123
-0.847764
-1.423204
-0.621913
0.206534
0.417337
0.778265
0.580829
0.775746
-0.104002
-1.264682
-0.678114
-0.715976
-0.229351
0.196595
-0.083146
-0.844825
0.008684
-1.967381
-0.850130
-0.430791
-1.066818
-0.595386
-1.274642
-0.923837
-3.828542
-3.681495
-1.227718
-3.278968
-4.466232
-3.069299
0.097724
-3.576199
-0.771988
1.219408
-1.861160
1.185418
-4.225529
-0.730239
-5.782437
-3.169607
-0.920513
-3.648430
1.153274
-5.277939
-0.358746
-5.844693
-2.887893
-2.458211
-5.661070
0.524265
-4.662232
-0.398832
-2.424404
-4.552871
-3.512469
-3.322934
-2.227113
-2.285487
0.024199
-2.003035
-3.664872
-4.677380
-4.513524
-4.071832
-3.848863
-6.858407
0.937646
-0.770691
0.016141
-0.260432
-0.679384
-4.375766
1.633412
2.375196
1.399241
1.973828
1.923476
3.057710
0.796710
-1.075932
0.410040
-0.814298
-1.139294
0.633609
1.514641
0.786351
-0.822008
-0.176834
-1.678223
0.705403
2.318098
1.654855
1.429839
-0.464969
-0.433890
-1.305525
0.281148
1.200967
1.259752
-0.227425
-0.431001
2.025626
0.698658
1.026544
1.213254
1.397074
0.150090
1.904685
4.378897
2.472043
2.803305
3.296217
3.416918
3.336933
1.990105
0.243034
0.784196
0.010588
0.334524
1.014492
2.113524
-1.129310
-3.143734
-2.735256
-3.986992
-3.116600
-5.064517
-1.318905
0.496326
-1.413042
-0.454138
-0.907121
-1.629606
-3.324892
-0.402355
0.329063
-0.999933
2.052641
3.104854
0.497650
0.278109
-0.180498
0.390113
-0.271988
1.005392
0.200516
0.290020
0.647872
-1.518098
0.843424
-0.621402
0.070147
-4.797492
-2.968199
-2.769999
-0.361988
-0.129375
-2.059425
-0.501621
-0.855006
-0.015056
-2.149259
1.199786
8.262621
1.255837
4.167470
4.135605
3.802308
4.304561
3.374894
-0.894660
-4.235385
-0.257624
-0.130803
-2.290316
-0.528454
-1.181003
1.109104
-2.838892
1.013724
0.706840
0.628863
0.700973
-1.358760
0.525521
-1.636719
3.194408
2.895490
2.460944
1.700233
-2.223028
0.934699
-2.282770
2.707459
-0.778319
-1.427937
2.698867
0.017608
1.514929
-2.490295
0.952724
-0.660096
0.921075
0.767000
-1.746558
-0.140446
-1.569010
0.256364
1.194629
2.230784
-0.481077
-4.696970
-1.680270
2.431080
1.048922
-0.020887
-0.086711
0.118832
0.965532
2.565261
1.940718
0.082280
-0.901292
0.564414
-1.084208
0.470583
1.270288
0.358079
-0.673279
1.598937
3.535225
0.131175
-2.482665
1.647356
-0.243362
0.396370
-0.607454
-0.886261
1.045440
-2.187720
1.391651
-0.947337
-0.047313
2.895492
1.856222
-0.257286
-2.920969
-0.055382
-0.212348
-1.444819
-0.248425
0.121838
-1.211427
-0.749705
1.207312
0.120888
-0.142252
-1.432320
-2.729824
-2.141358
4.160875
3.511436
-0.165131
0.483238
-0.782928
-1.212813
-0.454082
1.768290
0.110363
-0.865789
-1.022542
-1.680117
-0.760738
-1.992674
-0.535173
1.552757
-1.145416
-0.118153
1.489608
1.498343
0.041903
-0.367680
1.460217
-0.791664
0.532104
0.888453
1.164066
1.546973
0.777382
1.266639
-1.449476
0.782930
1.627002
1.761208
0.338761
-0.007672
1.084393
-2.062788
-0.860950
-0.216359
0.518176
-1.397185
-0.442398
2.071288
-0.528327
-0.725209
-1.260854
-1.829314
-0.962696
2.102684
-0.726861
-0.982045
-0.825709
-0.479457
-0.478013
-0.751989
-0.869519
0.512038
0.559628
1.490192
0.924670
1.112584
1.532111
-0.042474
0.650137
1.578144
1.826547
1.616950
2.503924
2.134659
2.611783
1.080116
2.982717
2.309562
2.256191
2.057269
2.597105
4.021915
0.998612
1.961978
2.378167
2.999397
2.020242
2.381280
2.708631
0.846947
2.227503
2.936907
3.213106
2.774343
2.590100
2.987721
0.034805
-0.306110
1.229448
1.250685
0.666706
1.627179
1.435263
-0.042002
-2.184163
-0.061389
-0.170935
-0.246942
-0.817137
-1.308867
-1.339485
-1.229322
1.760593
1.661816
0.716207
0.397876
-0.980997
0.344180
0.887143
3.221470
2.604502
0.494961
3.307784
1.018692
0.347718
0.353258
1.140700
1.426875
-0.409876
2.256629
-0.542040
0.525424
-0.415108
1.985993
1.350100
-1.136701
3.447026
-2.215088
0.533270
-1.732590
-0.588813
0.671588
1.108698
1.361331
-2.299863
-2.165084
-2.804363
-1.244246
0.635895
0.709284
-1.069926
-3.741201
-1.974410
-4.202159
-3.249505
-3.507689
-4.287080
-4.035451
-1.959736
-2.664037
-3.681805
-3.759600
-4.383259
-4.656686
-3.264895
-1.941495
-1.344484
-2.930056
-1.059089
1.093428
1.073337
0.947380
1.688443
-1.750854
-2.936038
0.308620
-0.687917
-1.989087
0.263596
2.821909
-2.096663
-4.853029
-3.422054
-4.546403
-5.805400
-2.611460
-2.605761
-2.139550
-5.868375
-8.844026
-4.201161
-1.931664
-7.436847
-5.611188
-1.617628
-4.675208
-5.998606
-7.694314
-7.863587
-7.850907
-0.431161
-1.861147
-0.797845
0.056981
0.169994
0.073897
0.140604
-1.689885
-0.041124
0.309856
1.046386
0.907263
0.868253
1.852267
-0.357112
0.068823
0.277930
0.375613
0.383753
0.399506
1.265115
-1.410265
0.631130
-0.450459
-0.632927
-0.209531
1.452023
-0.601846
-1.964856
0.692236
1.337531
2.195109
0.188388
1.368930
1.843176
-1.069644
0.505433
2.755195
2.212551
-0.360284
-0.324022
2.551585
-0.043873
-0.194202
0.537359
0.263236
0.398763
0.262707
0.517379
-2.025221
1.335477
-0.556107
0.662951
-0.572152
-1.122165
-0.198138
0.632104
-1.913103
-2.726182
-2.556900
-4.031311
-4.616523
-4.256938
-3.365127
-0.228363
-2.117213
-2.727302
-2.278038
-2.917728
-2.341721
-3.356421
-0.762828
-1.224281
0.872408
0.944799
1.664342
0.275878
-1.064204
-0.602625
-1.469686
0.808103
-1.824171
-0.480858
0.146770
-2.420578
-1.300527
-1.856385
-1.553269
-2.660634
-1.601653
-3.024447
-2.526800
-0.049130
-2.218708
-1.686357
-2.127785
-2.726307
-2.611005
-0.603994
3.920653
-0.970859
0.142043
0.396978
0.175290
-0.281978
0.812565
1.343771
-1.333722
-0.146013
0.565321
-0.008932
1.236090
0.622883
1.746950
-2.060936
-0.110161
-0.383704
-0.239676
1.231127
0.538648
1.623639
-2.147527
-1.017132
-0.238436
-0.906475
0.185958
-1.068987
1.664329
-1.356300
-0.497215
-0.610850
-0.785768
-0.205313
0.818891
1.757992
-1.177908
0.125669
0.870250
-1.000881
0.316838
0.237443
1.246385
-1.455669
-0.998647
-0.709350
-1.506283
-1.200610
-0.187077
