0.000000
0.000000
1.748455
0.237444
0.000000
0.000000
0.000000
0.000000
0.000000
0.000000
0.000000
0.000000
0.000000
0.259030
0.043172
0.323788
0.000000
0.000000
0.000000
0.000000
0.000000
0.000000
0.000000
0.000000
0.000000
0.000000
0.043172
0.000000
0.021586
0.021586
0.021586
0.000000
0.107929
0.000000
0.086343
0.000000
0.000000
0.000000
0.000000
0.000000
0.000000
0.000000
0.064758
0.000000
0.000000
0.000000
0.000000
0.000000
0.086343
0.000000
0.000000
1.359909
0.000000
0.000000
0.000000
0.000000
0.086343
0.000000
0.021586
0.000000
0.000000
0.000000
0.000000
0.000000
0.000000
0.000000
0.021586
0.000000
0.043172
0.000000
0.000000
0.000000
0.000000
0.000000
0.000000
0.000000
0.064758
0.000000
0.000000
0.000000
0.000000
0.000000
0.000000
0.000000
0.000000
1.554182
0.237444
0.172687
0.000000
0.021586
0.000000
0.043172
0.086343
0.086343
0.302202
0.000000
0.000000
0.000000
0.000000
0.021586
0.323788
0.000000
0.000000
0.064758
0.000000
0.000000
0.000000
0.021586
0.043172
0.021586
0.000000
4.230828
0.000000
0.000000
0.000000
0.000000
0.000000
0.000000
0.000000
0.000000
0.043172
0.733919
0.000000
0.000000
0.000000
0.000000
0.000000
0.302202
0.000000
0.000000
0.043172
0.000000
0.000000
0.000000
0.000000
0.064758
0.000000
0.021586
0.086343
0.129515
0.021586
0.496475
0.259030
0.151101
0.000000
0.539647
0.000000
0.107929
0.151101
1.036121
0.000000
0.000000
0.518061
0.647576
0.000000
0.000000
0.000000
0.000000
0.690747
0.000000
0.561232
0.021586
0.000000
1.338323
0.000000
0.000000
0.000000
0.000000
1.036121
0.000000
0.000000
0.000000
0.000000
0.086343
0.000000
0.561232
0.000000
0.000000
0.086343
0.000000
0.129515
0.000000
0.000000
0.000000
0.000000
0.129515
0.000000
0.000000
0.000000
0.000000
0.021586
0.000000
0.064758
0.129515
0.000000
0.000000
0.000000
0.000000
0.000000
0.259030
0.021586
0.021586
0.172687
0.000000
0.000000
0.000000
0.000000
0.431717
0.000000
0.000000
0.690747
0.000000
0.000000
0.000000
0.000000
0.000000
0.086343
0.000000
0.000000
0.000000
0.000000
0.000000
0.129515
0.000000
0.000000
0.021586
0.000000
0.064758
0.107929
0.000000
0.798677
0.000000
0.000000
0.000000
0.000000
0.841848
0.129515
0.000000
0.064758
0.000000
0.000000
0.000000
0.000000
0.000000
0.000000
0.021586
0.280616
0.172687
0.000000
0.000000
0.043172
0.388545
0.000000
0.021586
0.043172
0.021586
0.172687
0.000000
0.000000
0.280616
0.431717
0.021586
0.021586
0.366960
0.043172
0.000000
0.194273
0.000000
0.000000
0.000000
0.000000
0.000000
0.000000
0.043172
0.000000
0.000000
0.000000
1.036121
0.000000
0.000000
0.043172
0.172687
0.000000
0.000000
1.575768
0.000000
0.000000
0.000000
0.194273
0.539647
0.000000
0.021586
0.000000
0.000000
0.000000
0.000000
0.000000
0.000000
0.000000
0.000000
0.000000
0.000000
0.021586
0.043172
0.000000
0.000000
0.000000
0.000000
0.000000
0.000000
0.000000
0.172687
0.000000
0.000000
0.280616
0.280616
0.021586
0.021586
0.021586
0.000000
0.021586
0.021586
0.021586
0.000000
1.295152
2.050657
0.000000
0.086343
0.021586
0.323788
0.021586
0.215859
0.000000
0.000000
0.064758
0.000000
0.410131
0.151101
0.000000
0.000000
0.000000
0.000000
0.000000
0.000000
0.000000
0.906606
0.000000
0.000000
0.021586
0.021586
0.000000
0.000000
0.302202
0.000000
0.000000
0.021586
0.000000
0.000000
0.000000
0.000000
0.366960
0.000000
0.000000
0.000000
0.000000
0.021586
0.000000
0.086343
0.000000
0.107929
0.000000
0.000000
0.021586
0.000000
0.000000
0.280616
0.000000
0.000000
0.000000
0.000000
0.107929
1.446253
0.129515
0.000000
0.000000
0.043172
0.000000
0.000000
0.000000
0.000000
0.000000
0.000000
0.000000
0.000000
0.410131
0.000000
0.000000
0.000000
0.043172
0.000000
0.000000
0.280616
0.000000
0.000000
0.000000
0.000000
0.000000
0.000000
0.000000
0.043172
0.000000
0.000000
0.000000
0.366960
0.237444
0.064758
0.345374
0.000000
0.000000
0.000000
0.604404
1.165636
0.000000
0.237444
0.021586
0.000000
0.000000
0.000000
0.000000
0.000000
0.000000
0.000000
0.000000
0.000000
0.000000
0.000000
0.000000
0.000000
0.000000
0.000000
0.000000
0.000000
0.000000
0.000000
0.000000
0.431717
0.064758
0.194273
0.000000
0.000000
0.000000
0.000000
0.000000
0.086343
0.129515
0.000000
0.000000
0.302202
0.086343
0.000000
0.000000
0.345374
0.000000
0.021586
0.000000
0.000000
0.000000
0.000000
0.021586
0.000000
0.000000
0.043172
0.000000
0.863434
0.021586
0.000000
0.000000
0.000000
0.000000
0.971364
0.000000
0.000000
0.043172
0.000000
0.000000
0.021586
0.064758
0.000000
0.000000
0.345374
0.000000
0.000000
0.798677
0.000000
0.000000
0.388545
0.000000
0.604404
0.000000
0.906606
0.000000
0.366960
0.000000
0.000000
0.518061
0.000000
0.064758
0.000000
0.000000
0.129515
0.000000
0.107929
0.000000
0.690747
0.000000
0.021586
0.345374
0.302202
0.000000
0.000000
0.043172
0.000000
0.000000
1.683697
0.000000
0.064758
0.000000
0.000000
0.064758
0.000000
0.000000
0.000000
0.496475
0.453303
0.172687
0.000000
0.000000
0.043172
0.064758
0.000000
0.021586
0.000000
0.000000
0.215859
0.000000
0.000000
0.000000
0.885020
0.518061
0.000000
0.000000
0.021586
0.000000
0.000000
0.000000
0.000000
0.000000
0.000000
0.410131
0.000000
0.000000
0.000000
0.000000
0.000000
0.000000
0.000000
0.064758
0.000000
0.064758
0.000000
0.000000
0.000000
0.000000
0.000000
0.107929
0.000000
0.000000
0.000000
0.000000
0.000000
0.000000
0.000000
0.000000
0.000000
0.000000
0.000000
0.000000
0.064758
0.107929
0.474889
1.122465
0.474889
0.000000
0.561232
0.259030
0.000000
0.151101
0.000000
0.000000
0.000000
0.388545
0.043172
0.000000
0.000000
0.215859
0.000000
0.000000
0.107929
0.043172
0.000000
0.000000
0.000000
0.000000
0.000000
0.043172
0.021586
0.000000
0.151101
0.000000
0.129515
0.000000
0.043172
0.064758
0.000000
0.000000
0.000000
0.000000
0.000000
0.000000
0.129515
0.043172
0.000000
0.000000
0.000000
0.107929
0.021586
0.000000
0.000000
0.000000
0.000000
0.000000
0.000000
0.000000
0.000000
0.000000
0.000000
0.000000
0.000000
1.057707
0.000000
0.000000
0.107929
0.000000
0.000000
0.043172
0.000000
0.000000
0.000000
0.000000
0.151101
0.000000
0.000000
0.064758
0.000000
0.237444
0.000000
0.043172
0.000000
0.000000
0.453303
0.000000
0.000000
0.000000
0.259030
0.000000
0.000000
0.000000
0.000000
0.043172
0.000000
0.000000
0.000000
0.000000
0.000000
1.942727
0.000000
0.000000
0.000000
0.000000
0.172687
0.000000
0.000000
0.000000
0.000000
0.000000
0.000000
0.000000
0.000000
0.086343
0.949778
0.000000
0.000000
0.000000
0.021586
0.172687
0.000000
0.000000
0.000000
0.194273
0.129515
0.000000
0.000000
0.000000
0.000000
0.151101
0.000000
0.000000
0.000000
0.107929
0.000000
0.107929
0.000000
0.000000
0.215859
0.000000
0.215859
0.000000
0.366960
1.877970
0.302202
0.000000
0.000000
0.129515
0.086343
0.107929
0.000000
0.086343
0.129515
0.000000
0.086343
0.000000
0.323788
0.107929
0.107929
0.064758
0.000000
0.215859
0.000000
0.000000
0.000000
0.000000
0.021586
0.000000
0.000000
0.000000
0.000000
0.000000
0.000000
0.000000
0.000000
0.021586
0.000000
0.000000
0.000000
0.021586
0.000000
0.172687
0.000000
0.000000
0.000000
0.129515
0.215859
0.000000
0.000000
0.000000
0.000000
0.000000
0.107929
0.000000
0.582818
0.021586
0.000000
0.021586
0.000000
0.000000
0.000000
0.000000
0.000000
0.021586
0.000000
0.021586
0.000000
0.000000
0.000000
0.021586
0.000000
0.000000
0.000000
0.000000
0.000000
0.000000
0.000000
1.446253
0.000000
0.151101
0.000000
0.000000
0.366960
0.021586
0.625990
0.000000
0.000000
0.000000
0.000000
0.000000
0.151101
0.000000
0.000000
0.000000
0.043172
0.885020
0.000000
0.000000
0.000000
0.518061
0.000000
0.000000
0.021586
0.000000
0.237444
0.345374
0.000000
0.000000
0.000000
0.043172
0.000000
0.000000
0.000000
0.021586
0.237444
0.000000
0.885020
0.000000
0.000000
0.064758
0.000000
0.000000
0.000000
0.000000
0.043172
0.000000
0.000000
0.000000
0.000000
0.000000
0.000000
0.000000
0.410131
0.000000
0.000000
0.000000
0.000000
0.388545
0.366960
0.021586
0.000000
0.043172
0.000000
0.151101
0.000000
0.777091
0.000000
0.021586
0.000000
0.021586
0.733919
0.000000
0.000000
0.043172
0.000000
0.000000
0.280616
0.000000
0.064758
0.000000
0.000000
0.000000
0.000000
0.000000
0.992950
0.000000
0.000000
0.000000
0.000000
0.000000
0.000000
0.000000
0.000000
0.000000
0.000000
0.000000
0.000000
0.021586
0.000000
0.064758
0.000000
0.000000
0.043172
0.259030
0.000000
0.000000
0.000000
0.000000
0.000000
0.000000
0.000000
0.000000
0.129515
0.064758
0.625990
0.172687
0.000000
0.000000
0.043172
0.518061
1.079293
0.021586
0.000000
0.172687
0.000000
0.949778
0.000000
0.021586
0.021586
0.000000
0.000000
0.021586
0.021586
0.194273
0.690747
0.021586
0.000000
0.647576
0.000000
0.000000
0.000000
0.107929
0.582818
0.000000
0.086343
0.000000
0.000000
0.021586
0.000000
1.295152
0.000000
0.000000
0.000000
0.000000
0.280616
0.000000
0.000000
0.151101
0.172687
0.000000
0.000000
0.000000
0.000000
0.000000
0.000000
0.000000
0.021586
0.000000
0.000000
0.021586
0.000000
0.000000
0.043172
0.000000
0.561232
0.000000
0.453303
0.000000
0.107929
0.366960
0.000000
0.000000
0.000000
0.000000
0.000000
0.000000
0.215859
0.000000
0.000000
1.230394
0.000000
0.000000
0.906606
0.345374
0.021586
0.000000
0.000000
0.000000
0.000000
0.194273
0.000000
0.021586
0.000000
0.000000
0.000000
0.000000
0.021586
0.064758
0.000000
0.000000
0.172687
0.021586
0.086343
0.928192
0.474889
0.021586
0.043172
0.000000
0.000000
0.043172
0.733919
0.043172
0.021586
0.000000
0.000000
0.000000
0.000000
0.000000
0.000000
0.000000
0.000000
0.000000
0.021586
0.000000
0.000000
0.000000
0.000000
0.474889
0.000000
0.000000
0.000000
0.021586
0.237444
0.172687
0.107929
0.021586
0.000000
0.000000
0.194273
0.863434
1.208808
0.043172
0.000000
0.000000
0.064758
0.000000
0.000000
0.000000
0.000000
0.000000
0.000000
0.021586
0.000000
0.021586
0.000000
0.043172
0.000000
0.086343
0.000000
0.496475
0.000000
0.388545
0.000000
0.000000
0.107929
0.000000
0.151101
0.000000
0.431717
0.194273
0.777091
0.000000
0.000000
0.000000
0.000000
0.000000
0.000000
0.151101
0.777091
0.000000
0.064758
0.000000
0.043172
0.000000
0.000000
0.021586
0.000000
0.000000
0.000000
0.000000
0.000000
0.000000
0.712333
0.410131
0.021586
0.000000
0.000000
0.000000
0.000000
0.086343
0.000000
0.000000
0.000000
0.000000
0.000000
0.345374
0.043172
0.000000
0.000000
0.000000
0.000000
0.000000
0.000000
0.107929
0.841848
0.237444
0.000000
0.000000
0.000000
0.000000
0.000000
0.000000
0.000000
0.000000
0.021586
0.000000
0.000000
0.000000
0.000000
0.000000
0.000000
0.000000
0.043172
0.000000
0.021586
0.561232
0.000000
0.669162
0.000000
1.705283
0.000000
0.151101
0.000000
0.000000
0.021586
0.043172
0.000000
0.000000
0.000000
0.000000
0.000000
0.345374
0.129515
0.000000
0.000000
0.000000
0.000000
0.000000
0.086343
0.000000
0.107929
0.000000
0.000000
0.000000
0.000000
0.000000
0.302202
0.000000
0.064758
0.000000
0.841848
0.000000
0.000000
0.000000
0.043172
0.000000
0.000000
0.000000
0.733919
0.000000
0.000000
0.000000
0.259030
0.000000
0.194273
0.172687
0.000000
0.841848
0.000000
0.000000
0.000000
0.151101
0.000000
0.000000
0.388545
0.000000
0.000000
0.043172
0.000000
0.000000
0.000000
0.237444
0.000000
0.000000
0.000000
0.000000
0.000000
0.000000
0.086343
0.129515
0.000000
0.000000
1.403081
0.388545
0.151101
0.000000
0.000000
0.000000
0.215859
0.000000
0.000000
0.000000
0.000000
0.000000
0.000000
0.000000
0.000000
1.079293
0.021586
1.726869
0.000000
0.000000
0.000000
0.021586
0.000000
0.000000
0.086343
0.647576
0.000000
0.021586
0.000000
0.000000
0.000000
0.107929
0.000000
0.000000
0.086343
0.064758
1.467838
0.000000
0.474889
0.000000
0.000000
0.302202
0.000000
0.215859
0.000000
0.000000
0.000000
0.777091
0.000000
0.000000
0.194273
0.021586
0.043172
