6.918111
2.917186
5.749574
6.077283
6.013070
6.298088
2.654286
6.003901
0.272175
0.254263
-0.694256
0.537543
-1.666851
3.047385
8.664156
2.341212
2.810137
5.663332
6.722867
5.191319
3.593264
9.276580
-0.725917
2.653724
2.530564
5.733362
3.932684
3.811486
9.155658
-0.318765
3.268678
0.725740
4.030190
3.506559
3.919787
6.794228
-1.194749
-1.032628
-1.999802
1.587621
0.019972
2.750055
2.540452
1.953370
-1.648856
-2.006678
-0.227787
-0.657530
-4.510142
-0.556680
2.047446
1.125511
1.429354
2.011771
1.455796
1.258717
1.073473
3.256637
3.486571
3.260568
2.949097
3.367008
3.653799
0.673087
3.528527
1.421749
0.176170
0.694552
1.095520
4.502460
0.630207
2.725262
-1.852845
0.260606
0.867018
-0.417336
2.645361
0.590733
3.406370
-0.198974
-0.266125
0.896167
-0.856480
3.272050
0.892091
4.258164
2.741830
-0.885784
-0.827194
1.062899
3.148029
1.171137
4.177223
4.090573
4.235993
4.299202
3.599958
3.823129
4.732629
-0.768107
2.797509
2.948644
2.745552
2.310959
2.488567
-1.530246
-4.249870
-2.548401
-3.600056
-2.457298
-2.408977
-2.178705
2.918249
-1.819479
0.761062
3.469335
6.131881
4.478322
1.260733
2.166096
-0.043231
3.553701
4.484292
6.229504
4.324958
0.718687
2.620935
-0.940026
1.220980
1.700269
3.497287
1.322983
-1.572209
2.271401
-1.257643
-0.912186
2.075467
4.109722
-1.915528
-1.741268
2.335434
-2.208059
-0.055713
-0.430565
-0.552035
-1.064637
0.500697
-0.816357
-1.351671
-1.306063
-1.752896
-2.033964
-1.743486
-0.594328
-0.374647
-1.375942
-1.204568
1.738917
3.928288
3.301761
-0.048114
-0.185402
-0.800745
2.850181
4.020908
3.471852
6.291308
2.574053
-0.297644
1.258668
4.220195
2.250713
1.613158
3.693605
3.604205
-0.247155
0.128505
3.528327
2.492463
3.808399
4.137046
2.276925
-0.868450
-1.329874
2.595287
5.372638
4.504824
4.457797
-0.224878
-0.554857
-0.721608
-0.178490
2.340754
2.096846
1.113806
-0.689235
2.958431
0.430799
-0.054941
-0.726519
-1.503051
-0.134316
0.195907
-0.441898
-0.428514
-3.226053
-3.212679
-1.665125
-0.621325
-0.669371
-1.226525
-1.803567
-2.367110
-3.840934
-4.635482
-2.278513
-2.806922
-1.119828
-2.516086
-3.775191
-3.876857
-6.046832
-3.012620
-2.119346
-1.250869
-0.807859
-1.132844
-1.368761
-2.254743
-2.210179
-2.989842
-0.832719
0.453570
-0.990442
-2.011782
-1.688805
-1.722071
-1.657055
0.681456
0.129744
-0.647117
-1.633257
-1.950202
-1.268731
-0.447338
-1.872777
-0.709963
-0.926910
-0.715522
-0.417662
-0.464030
0.307305
0.771258
0.543281
0.592659
3.321862
7.010486
2.464802
1.035577
-0.217604
0.740997
1.014638
5.525007
7.312556
3.741768
-0.204542
-0.032028
-0.097471
2.182858
3.011622
1.459323
1.105090
-1.897833
-0.217580
-1.475221
-1.419036
1.237672
-0.144791
-1.399683
-2.779356
-1.066737
-1.956658
-4.018858
-0.950316
-2.784091
-3.736336
-1.111031
-0.480829
-0.290421
-0.389621
-3.754085
-3.557662
-1.297459
0.100369
-4.750130
-2.785832
-3.924906
-3.797530
-2.725396
-3.568947
-4.247515
-2.194357
-1.776126
-1.340356
-1.979514
-4.129893
-1.354059
-0.490786
-2.564954
-1.323014
-2.338051
-1.329415
-3.689024
-2.363623
0.419754
-2.549984
-2.468916
-1.700235
-2.718888
-3.230543
-2.834743
0.339529
-2.146764
-1.168875
-0.105413
-2.198719
-1.322210
-1.587452
0.286463
-2.564349
-1.810286
-3.245108
-3.520890
-2.162810
-1.362159
-0.355183
-3.110240
-0.265606
0.411082
-0.152094
-0.081100
0.437163
-0.718226
-1.381664
-2.452755
-2.374218
-2.173677
-2.292112
-2.487246
-3.408522
-2.655843
-2.914663
-1.171039
0.359650
-0.077198
-0.852145
-4.101862
-2.716128
-2.244212
2.203814
0.472160
-0.986917
0.565441
-2.179766
-2.810444
-0.881167
5.005641
-0.751011
-2.682851
0.423603
-1.100790
-2.383578
-1.461211
4.561719
1.208678
-0.317788
1.514522
-2.229198
-2.631110
-2.429394
1.404049
4.332183
4.114685
1.320284
-3.569409
-2.621103
-2.928472
-2.811763
-1.928294
-1.135001
-3.234617
-4.014922
1.355838
-0.075491
1.723688
1.544792
1.772844
1.549797
2.143760
0.662937
0.824276
0.104643
-1.941279
0.361481
0.105492
0.119862
2.875797
1.574583
0.217612
0.561620
3.323280
1.630115
2.420449
2.946690
1.912852
1.218565
2.895810
2.079914
2.981713
2.448364
3.228456
3.284373
1.467910
3.306985
3.710035
2.087762
2.813003
3.180636
2.782805
3.606953
1.868504
1.616335
2.635197
3.249787
1.989037
2.369366
2.071880
0.247871
-0.175616
1.422004
2.885721
-7.201237
-3.191325
-3.631511
-3.785175
-4.035394
-3.765512
-5.295360
-4.012520
-4.517454
-5.393473
-2.893995
-0.715121
-3.809060
-5.274166
-4.714210
-4.782711
-4.245356
-2.376297
-1.567385
-1.875748
-5.720308
-4.390998
-4.852556
-2.358509
-3.267953
-2.803229
-2.906637
-4.582328
-4.456604
-5.530793
-2.282081
-2.902573
-2.698935
-3.896800
-6.332392
-4.641369
-5.433204
-5.384618
-1.795412
0.489302
-3.772206
-6.485682
-5.579229
-3.558938
-4.069883
-3.129346
-2.402481
-3.859967
-5.324285
4.507249
-1.023889
-0.962051
-1.139812
-1.554089
-0.279181
1.165756
-2.628371
-4.320038
-4.583789
-2.472348
1.006344
-4.142776
-4.678066
-2.002797
-3.566155
-1.773252
1.146220
2.869399
0.264892
-3.787899
-2.441520
-3.251621
-0.274657
-1.681002
-0.269862
-1.502997
-3.743361
-2.361562
-3.274270
-0.874121
-1.806398
-0.870440
-1.064415
-2.962861
-2.302088
-3.503918
-1.468974
-0.068806
-0.750115
-0.666174
-2.426765
0.723297
-3.670757
-2.939003
-1.228875
-1.330981
-2.019472
-1.746667
2.120506
-0.595910
0.003384
0.483601
1.075061
0.550354
-1.751793
-0.702923
-1.883711
-0.107394
3.116796
3.915944
2.485590
-1.708591
0.816798
0.319666
-0.248212
-1.188962
-2.335906
0.646963
-3.100623
0.455081
-0.977432
-2.141606
-4.050777
-6.227346
-1.582884
-1.103642
0.365978
0.015913
-1.723713
-4.371532
-4.046384
-1.473624
-2.230065
0.032321
-0.468096
-1.430989
-2.281705
-0.304564
-0.210689
-1.825125
-1.878081
-3.230165
-2.092040
-4.766790
-3.957017
-2.719627
-2.710052
-2.271049
-1.686296
-1.034883
0.341230
0.633111
-1.283056
-1.790386
1.311457
0.383965
0.695152
0.636524
-0.415124
0.277055
1.705371
0.007954
-0.743733
-1.555344
-1.690132
-1.850206
-1.255358
1.065490
0.294749
0.358750
0.995439
-0.263906
-1.228239
-0.328022
-0.363908
0.828620
0.390187
-2.612485
0.836260
0.447496
-2.018559
-1.432214
0.910516
1.135663
-2.245152
-0.795109
1.525237
-1.460347
0.234702
1.494242
0.713808
-0.950401
-0.839135
-0.731951
-0.646186
1.216957
-2.121127
0.960869
-0.904365
-2.373224
-2.960558
-0.406091
0.532041
1.653554
2.644465
-0.884806
-6.218489
-7.772555
-2.921125
0.099570
0.334201
0.502950
-3.566337
-3.300927
-2.273709
-2.076673
-3.851644
-0.020159
-1.079070
-5.806493
-2.478382
-0.998209
-0.968201
-3.558687
-0.079127
1.102284
-5.309252
-2.639789
-1.054430
-1.834151
-3.279348
1.459835
2.306445
-0.326268
-6.921235
-6.348752
-2.567856
-0.872032
-1.204783
-0.896750
-0.824092
0.064701
0.206407
-0.484523
-2.706496
7.421466
2.482588
5.036675
4.450583
3.579058
4.312141
3.608647
3.667016
-0.376075
-1.425125
0.321956
1.011582
-1.650602
1.017269
4.806736
0.756143
0.530735
3.546746
5.607335
1.225655
1.156271
4.089509
-0.215949
0.790781
5.436254
7.779344
2.332222
0.522417
4.656817
-1.552327
-3.433210
1.434892
4.767922
0.004606
0.739872
3.703727
-0.486781
-2.284627
-2.315052
-0.056925
-1.965451
1.206868
2.388318
-0.401957
-0.754140
-0.631531
0.195974
0.345413
-2.470319
3.160891
-0.809865
0.865373
1.264926
1.871868
1.659010
0.438069
1.472250
-1.439699
1.410765
0.384359
-1.893844
1.593810
0.469636
2.101809
-0.956708
2.518204
3.649573
2.770608
2.678309
-0.622024
1.683069
-3.475338
0.408455
2.737027
4.196018
2.077298
-1.654340
1.840898
-0.528537
4.056263
4.009151
3.841617
2.438831
0.276052
3.628881
0.226738
1.445482
2.107611
0.522425
1.442161
1.749222
2.480364
0.009678
1.333459
0.692595
0.619655
0.979834
0.826894
-1.319005
-3.041828
-1.933638
-1.603955
-1.445983
-1.625380
-3.912864
-3.817975
-3.307257
-2.906541
-4.395693
-5.601672
-4.789459
-3.576637
-3.045835
-2.010547
-3.040190
-0.996199
-0.441222
-3.560800
-4.743853
-2.514391
-3.052050
-4.209336
-0.929881
-2.227073
-2.524751
-4.693839
-2.799461
-2.841703
-3.874743
-0.786118
-1.026142
-0.840448
-2.574820
-3.016217
-2.756380
-3.246862
-1.770749
1.084206
-2.556500
-3.356428
-4.252770
-4.263796
-3.362178
-3.143100
-2.663316
-3.417588
-5.501125
0.835099
2.260878
2.173627
1.344654
0.813643
1.466349
3.380917
2.337475
2.271827
0.393087
-2.012062
-2.229104
-2.156688
0.602322
1.900970
0.095798
-0.249124
-0.755035
-0.593856
-1.138966
-2.330800
1.445242
-1.027662
-2.481795
-0.233603
-1.003944
0.082428
-1.969300
1.056192
-0.033353
-1.656274
-2.334550
-1.840812
-0.538606
-0.989924
1.767179
0.872608
0.154208
-1.858455
-2.637851
-0.834377
1.320514
0.225113
1.002918
0.030783
-3.528345
-5.060353
-0.861326
0.075664
4.375378
2.502520
2.666243
2.466778
1.985762
2.802343
2.688283
1.524435
-0.266978
-0.628993
-4.708426
-7.349554
-2.946736
0.370191
1.387621
0.083792
-1.600507
-3.615235
-4.691456
-3.352741
-0.197581
1.642696
-0.138214
-3.272864
-1.400197
-1.427643
-2.873420
-0.808367
1.708795
0.638615
-2.438881
-2.418809
-3.041754
-3.215645
-0.568889
1.092060
0.818350
-1.787977
-5.338945
-6.254381
-4.574951
-0.131979
1.780110
-0.137315
-0.461253
-1.577338
-1.368909
-1.372839
0.534438
0.716310
2.234518
4.260973
4.723190
3.650910
2.818077
4.891267
2.092625
0.338493
-1.018046
-1.449838
-1.409824
-1.567539
2.014897
2.647796
0.526744
2.101557
2.238755
1.014701
1.370854
-0.307893
2.838156
0.326303
2.814635
2.444169
2.119988
1.537729
-0.421021
2.459266
1.396823
4.142453
1.365009
1.135649
0.292048
0.434912
2.507916
1.797779
1.142592
-1.236454
-3.838446
-0.782550
1.887817
4.083222
4.667775
4.494674
1.333230
-1.142302
1.675315
4.296764
2.428771
1.811364
2.230953
1.527164
1.248681
2.136242
2.571906
1.118261
1.721377
0.709325
-2.966252
-3.057268
-1.581830
1.443280
2.020725
2.055518
-0.148611
-1.959146
-2.612336
-3.828279
-0.728514
2.285826
1.411394
0.537146
0.069827
-0.688396
-0.863475
-1.183276
2.098829
1.797675
1.724583
-0.064181
-1.159800
0.150776
0.780897
2.304571
1.976357
0.702745
-4.501020
-4.419575
-0.606426
2.163205
2.318333
1.256632
1.001337
-1.313640
-0.564574
0.773078
1.814477
0.303030
0.606246
-0.044830
-0.876214
-1.524697
-1.138129
0.220682
1.577376
3.132516
1.498220
-1.255392
-1.711372
1.309978
4.247425
1.867576
2.663165
1.517638
1.413022
1.645908
0.694937
3.926288
2.769419
2.697054
1.198360
2.268583
2.287551
2.530233
3.924743
2.945662
3.576357
1.334038
3.395861
4.325624
3.112123
4.726648
2.672756
3.093170
2.532922
2.000199
2.560598
2.632292
4.160238
1.639279
2.824398
1.553443
0.648767
0.330786
1.232312
1.978898
5.310374
0.594425
0.956983
0.913522
0.936898
0.681973
5.034985
0.560032
-1.248385
1.073427
-0.262265
-1.933912
0.452603
1.789400
0.696971
0.577158
0.306565
-0.988695
0.217444
-0.756526
1.998571
0.852679
0.590533
0.869357
0.171927
0.105054
-0.387021
1.929938
0.713395
-0.732509
-1.353997
-1.364995
0.659101
-0.493236
2.595028
0.358037
-1.430822
2.035671
-0.192896
1.631323
-0.128951
1.497181
4.554809
0.486324
0.988710
2.107398
2.411804
1.114003
6.077548
9.699194
1.673611
3.265876
3.060888
3.751320
3.712193
8.334678
3.075777
-0.669219
-0.238194
-1.702464
-0.746103
-2.078943
2.875237
3.251672
-1.083065
-0.906139
0.155542
0.569665
-2.492565
1.638847
3.006765
1.686389
-1.676751
3.471551
2.803770
0.073019
1.262703
3.036112
1.288699
-3.688464
1.568050
1.676939
-0.488589
1.409689
3.407611
0.967773
1.884012
-2.969144
-5.054220
-1.243774
3.302944
5.377857
-0.900624
2.103217
3.097632
1.903454
2.176909
4.121293
-4.513058
-1.671760
-2.945749
-3.410875
-3.663680
-3.519672
-4.317941
-1.660677
-1.775258
-3.412826
-2.635526
-1.350058
-3.913792
-5.692368
-3.551632
-2.999138
-1.545939
-0.083277
0.878281
-0.273098
-2.909694
-3.792776
-2.484197
-2.556602
0.558191
2.079044
-0.104617
-3.131020
-3.863859
-1.814418
-2.814007
0.750694
1.718300
-0.795949
-3.442299
-2.586879
-1.185477
-2.364362
-3.876552
-4.529942
-2.002212
-3.568581
-3.828787
-3.603125
-4.859811
-4.697667
-4.961039
-4.139382
-6.351639
-10.952902
0.159226
-4.028744
-5.622246
-6.147384
-4.819492
-8.198928
-1.001626
2.608762
-0.350667
-0.634547
-1.701081
-2.178518
-2.096769
-4.830970
-0.345203
-0.649302
-1.521297
-2.118403
-1.347244
-3.335325
-4.826115
-0.464454
-0.096809
-0.948092
-0.606013
-1.896580
-1.683758
-4.489631
-1.523236
0.090121
2.820428
3.022317
0.906354
-2.479986
-3.044512
0.115204
-1.605913
0.923288
0.806648
-0.155411
-3.065998
-4.242742
0.270986
-1.679064
-0.562271
-1.408669
-1.861927
-1.849022
-3.056269
-1.039496
-0.116305
0.375781
0.592597
0.452268
-0.794403
-1.209257
-1.934675
-1.192764
0.223136
2.348581
0.335589
-2.099137
-1.818691
-2.391205
-1.355941
1.416595
2.430182
2.390737
-1.548489
-1.693096
-0.744101
0.266922
0.691079
0.923612
1.339165
-1.498873
-1.675342
-1.055784
1.019325
1.350858
1.520358
0.408856
-2.665971
-2.026631
-1.813373
1.895343
3.689028
2.373674
1.048227
-1.475883
-1.065208
-0.368308
-0.641549
0.483958
1.256920
-0.381548
-1.096831
3.131505
0.095240
1.573956
1.100115
1.015879
1.786859
3.004027
1.328465
-1.084920
-1.677306
-2.067561
-3.411874
-1.437200
-0.524618
2.207326
-2.527091
-2.236522
-2.801965
-2.924526
-1.301254
-0.463654
1.887237
-3.230458
-0.033695
-0.677648
-1.456205
-1.962525
-0.796363
2.096854
-4.198844
2.249464
0.512372
-2.238247
-0.195841
-0.992285
1.983024
-2.439059
-1.785310
0.309812
-0.871909
-1.427067
-1.409123
0.968436
-2.629489
-1.409168
-0.981116
-1.155957
-2.081432
-1.344957
4.136325
-0.301211
-0.251361
-0.417113
-0.414764
-0.198410
0.340633
0.373347
-1.655099
-2.247048
-2.750692
-4.552947
-3.647425
-1.882649
2.078248
-1.364762
-1.716834
-0.790101
-1.204574
-0.622855
-1.932922
1.944609
-2.848197
-3.447787
-2.305344
-1.140287
0.033969
-1.515188
1.743674
-1.030595
-3.816484
-2.795384
-1.265914
-1.788215
-1.125074
1.885105
-0.544857
-1.893804
-5.043068
-5.776652
-3.029102
-0.521641
2.771851
-0.133338
-0.468742
-3.860798
-6.364382
-1.766069
-0.500069
7.040955
-0.299748
0.375157
0.544086
0.588011
0.593397
1.914753
-0.697372
-2.851161
-2.429294
-2.480616
-2.273879
-1.594532
0.158587
0.328702
-2.517437
-3.926884
-3.411226
-3.453930
-5.657931
-0.095889
0.137081
-1.548889
-1.513593
-4.561625
-3.149207
-6.265399
-1.327797
0.109645
-1.393972
-3.553249
-6.245162
-3.663661
-4.466826
1.093776
-0.356152
-2.622937
-2.350663
-4.366880
-4.083609
-3.502074
0.289272
1.723311
-1.098701
-1.197458
0.841955
0.918365
-0.335683
0.369634
1.377534
-0.410694
-0.657797
0.245351
0.136316
-0.474596
-0.258145
-0.785726
-1.411726
-1.932579
-4.153405
-6.715677
-2.441301
-0.950710
-2.321861
-1.347644
-2.823180
-3.254483
-4.421192
-4.438566
-1.681234
-1.884529
-1.376185
-3.917307
-1.071013
-1.800224
-3.082073
-0.701689
-1.855393
-1.721758
-2.450496
-1.622547
-3.350668
-1.527367
-0.557162
-1.177076
-1.803577
-1.139600
0.205716
-1.213057
-0.974299
-1.590795
-0.894232
-1.346985
-1.584576
0.947182
0.830101
-1.341381
-2.133773
-0.403843
-0.337838
-1.431791
-1.955684
-1.865144
-2.382853
-0.889460
1.421279
-0.244277
0.621311
4.537532
8.735510
1.327514
-0.409720
0.112158
0.693263
2.071675
2.916503
5.366519
3.132137
2.677341
0.019417
4.192592
4.308834
0.526262
1.193617
2.343582
3.878978
-0.133672
2.724450
3.765905
2.204869
1.920260
2.746935
2.931746
-0.064416
0.704952
3.465661
7.494530
5.867583
4.504898
1.245575
1.645503
-1.404313
-0.815355
2.530334
2.663620
1.355493
0.759631
-0.287769
-0.059957
0.228333
1.126682
1.060286
-0.552402
1.194860
-0.291952
-0.056452
0.244257
1.459796
2.989972
0.135024
-0.191122
-0.941304
0.569745
0.366227
-2.288453
-1.553925
-0.340895
-0.228902
-1.046293
1.439337
-0.044218
-1.935186
-2.471055
-1.402099
-0.051310
-1.081078
-0.558554
0.053462
-1.553880
-2.537297
-1.682602
-0.044974
-0.479638
-0.553335
0.912141
-0.154961
-1.266259
-0.253407
-0.458414
0.684733
0.379636
-0.139301
1.583459
0.943718
1.280219
0.834629
-0.267143
-1.253952
-0.018554
1.328642
1.455395
0.972425
-0.122746
-0.263436
-2.713768
-3.149353
-1.673286
0.391846
-3.788925
-0.688673
-0.014260
-2.837221
-4.167569
-1.822979
0.432195
-4.470859
-1.894568
-0.029647
-0.131812
-2.900886
-2.686803
-0.761700
-2.583317
-0.670272
-0.087396
-0.161676
-3.891423
-5.248753
-3.456141
-5.016039
-1.014007
1.188840
0.062963
-0.543778
-3.370913
-2.479741
-2.592109
-0.605636
1.699501
0.397132
-0.286520
0.405701
-1.209448
-0.455008
0.950701
7.891912
1.132719
3.312243
3.639886
2.633425
3.043227
2.740963
2.762192
-3.820273
-4.660997
-5.275001
-3.010543
-7.973269
-5.168507
4.065551
-4.069858
-3.650325
-0.547252
-0.285890
-2.335353
-5.212455
3.719203
-4.454496
-5.000886
1.556176
5.435113
-0.184699
-3.464653
3.651581
-4.075542
-3.497824
-0.228748
2.929052
0.243908
-4.157441
4.365421
-2.513185
-2.936792
-1.618285
-0.484895
-2.529865
-3.488536
3.244658
-0.667594
-1.315966
-2.381655
-1.367289
-2.743252
-2.983634
-3.879792
-3.973307
-2.800062
-3.393293
-3.796847
-3.525281
-3.949739
-4.048146
-5.284338
-4.551623
-3.463708
-3.442867
-3.927406
-3.810664
-3.319159
-4.529198
-1.939036
0.120400
-0.627739
-2.012055
-2.857791
-3.390439
-5.180574
-1.380110
0.723549
0.244225
-0.592108
-1.641450
-3.371136
-4.701770
-1.956954
0.838520
0.866921
0.134802
-2.607888
-3.969281
-5.052791
-3.841346
-2.902354
-1.587201
-2.179174
-4.151957
-3.827351
-4.745599
-2.494813
-2.489062
-2.206213
-2.702856
-4.005105
-2.055445
-2.793022
-1.377769
-1.309524
-1.061338
-0.684249
-0.187203
-3.340799
-1.337966
0.024194
-0.169281
-1.306196
0.255787
0.067898
-2.178645
0.696136
1.936346
-3.297454
-6.865124
-3.566893
0.273631
-2.205044
0.142046
1.290290
-1.814356
-2.667028
-3.503940
0.271808
-2.281465
-0.368686
2.702985
-1.499490
-2.956780
-2.041614
1.904386
-1.933818
-0.628721
1.980140
-0.531550
-0.328994
1.098348
0.789670
-0.463126
-0.887151
-0.211571
-0.460102
-0.351731
-0.404814
1.127491
1.855671
1.583662
1.163285
1.115730
1.170255
1.711478
1.353101
1.466515
1.281859
0.959967
1.030041
0.014503
1.812274
1.262513
1.897492
1.434331
2.653396
3.512962
1.755802
3.033144
2.483716
1.741896
-0.031545
-0.929135
3.119340
1.119539
3.343292
2.401212
1.465296
0.734531
0.349492
2.710997
1.582923
3.235594
1.319368
1.518096
0.809101
1.935479
0.774786
0.584896
2.663621
1.357042
0.172609
0.781490
1.092681
1.250191
0.603917
1.357399
0.191584
-2.893572
-0.259628
-3.223691
-2.263754
-1.660794
-1.173315
-2.919117
-2.126408
-1.406314
-1.562788
-1.283984
-2.207790
-1.349507
-1.924672
-5.423488
-3.642860
-6.065665
-3.817226
-2.349278
-5.803180
-4.672064
-5.401681
-5.146095
-5.903343
-4.883226
-4.655086
-6.776321
-5.184885
-6.050900
-4.475653
-3.906986
-1.434704
-2.236798
-6.361785
-5.727571
-5.245906
-3.897364
-0.873233
-0.229815
-1.341453
-4.428255
-4.443781
-4.695678
-5.965683
-5.192614
-1.967201
-2.024861
-3.822868
-3.995077
3.221601
2.428685
2.530248
2.655510
2.727118
3.279759
2.852350
0.705150
-0.862458
-0.659827
-3.803190
-6.615867
-0.446030
0.280071
1.316696
-0.532350
1.969469
-1.064438
-3.562922
0.079397
0.315931
1.672895
-0.592910
1.677527
1.861257
0.739371
1.038266
1.177913
1.485945
-0.749633
2.909841
2.717658
1.431255
1.952488
2.045261
1.134507
-2.188991
-0.338995
-1.716750
-3.455554
1.010154
1.709148
1.723377
0.122736
0.019742
-1.558215
-1.447782
0.700947
1.115164
-5.482087
0.633187
1.796109
2.486830
2.565582
1.371215
-0.241301
0.197322
-2.807833
-1.053853
0.231122
1.344953
-2.496967
-0.216156
0.044168
-0.303357
1.432539
0.900468
2.368606
-0.887386
0.254285
0.914737
0.306329
3.444535
1.454726
2.763229
1.683697
0.646965
1.119293
-2.351086
1.587426
2.466690
2.929300
0.009875
-0.778610
0.540807
-1.989792
-2.543695
-0.830474
-0.244530
-3.115853
-1.366446
-2.215195
-2.235750
-1.316370
-1.120150
-1.979044
-2.322380
-3.729453
5.337426
0.010192
0.922361
1.318433
0.690279
0.541467
2.705700
-2.096370
-4.251311
-4.128543
0.161916
0.407647
-3.770323
-3.625835
-0.536780
-3.209733
-4.233517
-2.041305
-0.135068
-2.807565
-1.472366
-1.162533
-1.763274
-5.184017
-1.980470
-0.094718
-3.032062
-0.718602
-1.001103
-1.480011
-6.444269
-2.420325
-0.443681
-4.646038
-0.181681
-0.589324
-2.593658
-3.043559
-2.831488
-0.718212
-4.035306
-0.425563
-1.349633
-3.734577
-3.661716
-2.637985
-2.272426
-4.469764
-2.743947
2.424430
2.604004
2.455061
1.673890
1.825048
2.168943
2.586134
0.568590
1.574521
1.762520
-1.716595
-4.603556
-0.010108
1.726919
1.843584
0.963872
-2.480348
-2.579410
-1.118690
-2.334609
0.472166
2.010707
0.882131
-2.170456
-0.555766
2.236930
-0.611534
-0.129808
2.408072
3.141639
-1.058823
-2.300935
0.445448
-1.891821
0.124938
2.520928
3.276058
1.257448
-4.543996
-5.899299
-0.816048
2.157764
1.383827
2.008284
3.119615
1.883921
1.016890
2.574854
2.488741
-2.893041
-3.095711
-2.396227
-2.382419
-2.613684
-2.609387
-3.285725
-3.162999
-2.364455
-2.958075
-3.072551
-2.949573
-3.088993
-3.147306
-2.661554
-2.443726
-1.393724
-3.970147
-4.795979
-3.102057
-2.206968
-2.471134
-1.458350
-0.756690
-3.363546
-3.540575
-3.479849
-2.481920
-2.522244
-1.831465
-3.039139
-3.253588
-3.990313
-3.123136
-2.993923
-2.380306
-0.986609
-1.260966
-2.884898
-6.035873
-2.838022
-2.059999
-3.057152
-1.814672
-1.672211
-1.953260
-1.972923
-1.533823
-3.227097
11.409765
3.010911
7.122474
4.392276
3.619746
5.948764
5.820056
2.805913
-0.167718
1.234464
-3.910942
-5.041609
-1.585155
-0.415598
5.857138
1.548488
1.089779
-0.084016
0.836704
1.639476
-0.710948
5.566294
1.684635
0.658857
3.125041
6.089478
4.313735
-0.786028
5.400606
2.060338
1.674878
0.420727
3.554522
1.198432
-1.171140
6.510263
3.772916
3.058031
2.451527
3.171917
1.529578
2.233165
4.341249
0.873451
1.874527
0.406305
-0.053853
0.588841
-2.143365
-7.330731
1.668097
-3.246645
-1.325157
-0.254514
-0.734527
-6.512086
3.180397
5.335540
3.225500
2.980691
0.596289
4.055737
3.778478
-1.878706
3.825451
-0.736718
-1.484427
-2.620971
-1.085288
1.591347
-1.101752
4.270877
0.138471
1.031258
-1.515417
0.663866
2.650130
-1.602896
4.519456
-0.351261
0.935442
-0.971585
0.724023
3.394990
-1.956769
2.661021
2.269547
-1.595017
-4.848771
0.257780
2.650555
-5.523841
-0.193660
-2.228703
1.555865
1.612520
1.012341
-6.690630
2.003526
1.332827
-0.118980
-1.328432
-2.345095
-1.473660
2.903950
3.312105
0.944755
-1.172572
-2.087887
1.443418
-3.074898
-0.538917
2.172824
-2.405354
-1.788563
1.966038
3.688148
0.980549
-0.545008
1.765968
-2.123796
0.989608
-2.005945
-1.847267
-0.395458
0.361936
1.737785
-2.097313
0.511874
-0.594970
-1.476314
-0.147934
-0.632764
1.441501
-0.554441
-1.870584
-0.052730
-1.647562
-2.133206
0.799042
2.019366
1.024633
-0.913399
-0.787752
-1.222366
-1.967953
3.073498
-1.497515
-0.832040
-0.437335
-0.563309
-0.582814
-0.819936
-1.548147
-3.164570
-1.279609
-0.704881
-1.323795
-0.914521
-1.380207
-1.039143
-1.638570
-1.320384
-1.595608
-1.939576
-1.922552
-2.015636
-0.952524
-2.260299
-2.098836
-3.659691
-2.673949
-2.241745
-1.469630
-1.286110
-2.550264
-0.058287
-1.965040
-2.420184
-2.403903
-0.819126
0.099264
-2.259635
0.593725
1.766058
-0.210910
-2.090100
0.964771
-0.609950
-3.270803
-1.239431
-0.292827
-1.090295
-1.518509
-0.850724
-2.367169
-0.739123
0.337503
-0.084559
0.252470
0.578143
-0.409969
-2.276671
0.672993
1.587636
1.631399
0.324575
-1.192695
1.779516
0.799334
0.411696
0.837450
1.481993
0.169847
-1.724273
0.356813
-0.415524
0.311072
-0.057271
1.481416
0.604347
-0.733402
-0.124801
-0.697463
0.549311
1.194328
2.852961
2.080573
0.359673
2.037479
1.035594
0.802751
1.184794
2.491045
2.071358
-1.149936
2.418934
0.782352
-0.073926
1.420301
0.670339
0.336388
-0.650181
0.717514
-0.530115
-8.699932
-1.327727
-6.335440
-4.322376
-3.428547
-4.812418
-3.667377
-3.777017
-1.530755
-2.762560
-1.912357
-0.956361
-1.375384
0.555390
-9.411905
-3.389851
-1.386136
1.737231
3.750320
-2.395285
0.752629
-7.176696
-2.106401
-0.274849
-0.038760
-1.980671
-2.900284
0.035969
-7.362805
-2.176309
-2.093211
1.187021
-1.148394
-2.716453
0.591553
-6.779852
-3.671014
-5.027445
-2.881643
-3.693638
-4.023649
-1.251164
-3.409652
1.171119
-0.644312
-1.525249
-1.000190
-0.750388
5.141581
3.403043
0.139730
-0.881191
-1.268546
-2.481826
-0.977914
-0.962873
-0.017674
-3.482008
-4.847145
-3.466933
-1.841711
-4.202575
-1.651471
-0.531184
-5.623957
-4.311488
-1.446974
1.554672
-0.480683
-2.342667
-0.532672
-6.352584
-2.793651
-3.154543
0.795205
-0.964365
-1.589717
-0.669442
-7.247423
-6.226748
-2.563266
0.162172
-2.676025
-3.000617
-0.978286
-6.148520
-5.695476
-2.630987
-0.637206
-2.613301
-3.480781
1.724102
-2.464248
-3.574660
-2.525160
-1.643500
-1.556457
-3.005860
-1.376362
0.515281
0.210961
0.305204
0.373652
1.018178
1.858128
0.917583
1.982364
1.504597
1.730238
1.361805
-0.349024
1.866474
0.224641
-0.764777
-3.146553
0.009529
0.867008
-0.245901
1.136815
-0.138474
-0.574231
-1.513357
0.158212
0.814225
-0.628921
1.237144
-0.216161
-0.605232
1.022538
0.824698
0.787500
-1.457341
-0.108839
0.070395
-1.047514
-0.099842
0.827693
0.850017
-1.900096
0.631351
-0.736658
-1.605114
-0.676909
-2.165207
-2.617109
-2.614428
0.075197
5.899965
-1.932104
-1.511334
-1.509170
-1.397617
-1.029294
-0.833042
-2.284351
-1.932503
1.663030
3.023629
4.085702
1.497315
-1.655216
-1.855182
-1.548780
-1.236216
1.293488
5.091739
-0.790357
-0.498708
-2.244919
-2.793600
-3.252432
-2.313065
-1.730037
-3.550696
-2.058221
-2.689808
-4.125877
-1.557473
-2.429302
-2.671175
-3.805175
-1.501057
-1.428253
-3.537261
-1.379441
-0.286989
-1.269261
-1.963940
-0.945800
1.818555
-2.405010
-0.814266
2.023261
2.946880
0.425136
-0.836794
6.776916
1.048194
2.658347
3.487829
3.739975
3.678911
3.748425
2.273969
-0.690859
1.279124
1.470937
0.096795
2.479526
1.068376
3.341291
0.173533
4.716900
2.452140
0.571038
2.757592
3.146765
2.758257
0.459928
0.331793
0.645419
-1.198030
1.303670
1.919454
3.060989
1.868289
1.783509
0.344667
-0.783338
1.891522
3.017406
4.279703
0.061648
2.262970
1.208396
2.027341
2.501965
3.248751
5.970026
2.064922
1.266276
0.727992
1.049928
1.248112
3.797546
6.103867
0.664500
1.033428
-0.948899
-1.466827
0.590272
0.730438
-0.883228
-2.775240
-2.735369
-4.702981
-5.328712
-4.768262
-3.080340
-0.609797
-3.909751
-2.888967
-0.301045
1.037543
-3.024999
-3.005047
-0.909140
-1.911770
0.961788
2.145995
1.433571
-1.475541
-2.011199
-0.948841
-2.583025
0.030081
0.509996
0.675625
-3.042899
-1.975176
-0.134656
-3.127066
-3.773273
-2.042150
0.892921
-4.386135
-2.620338
0.432832
-2.977864
-4.083759
-5.385623
-2.844892
-5.053695
-5.032467
0.897606
-0.419529
-0.327248
0.714937
1.429251
0.396821
-1.564339
-1.568938
-2.684592
-1.148721
-2.078835
-2.186018
-2.344418
-0.810015
-2.709761
-2.337339
-3.122143
-6.271703
-8.121007
-8.251755
-2.296196
-1.838332
-0.444559
-1.972296
-1.532758
-1.817647
-5.795681
-1.192451
-2.225564
-1.109796
-0.311831
-0.216807
-0.882638
-4.117490
0.366202
-1.606818
-0.644215
2.516484
3.690792
3.917221
-0.415686
0.020928
-2.307134
-3.150873
-0.293222
3.467781
3.059802
-0.066173
-4.069010
7.969283
0.445445
0.747277
-0.321493
-0.421374
-0.417026
2.351808
0.975039
-0.536740
-0.009670
-0.171123
0.465644
-0.597291
0.852760
1.362267
-0.549660
0.251406
-1.014625
-0.629696
0.161212
0.608943
1.321837
-1.165843
-2.255521
-0.964216
0.525081
-0.315005
-0.706438
1.557979
-0.331991
-2.104227
-2.309566
0.754724
1.169129
1.701697
2.435892
0.923917
1.645863
0.855114
1.786864
1.672445
1.799613
4.096982
0.697424
0.605797
0.514910
0.796811
0.927480
0.930110
-1.346791
0.182327
-0.690842
-1.954706
-2.634630
-1.477358
-1.052706
-1.433315
-1.298536
-2.159246
-2.146295
-1.102673
-3.839412
-3.093684
-1.479681
-2.771472
-2.117269
-2.309104
-1.662743
-2.251281
-2.841340
-1.314280
-1.006743
3.846097
-0.343358
-0.800955
-0.615456
-2.854417
-1.410996
-2.090006
4.490143
2.907496
1.452357
1.506777
-1.697796
-1.493649
-1.871262
0.938343
3.877388
1.821817
-0.160210
-2.445132
-2.934411
-2.399752
-3.228231
-2.015481
-2.175756
-3.313843
-4.183007
-9.291967
2.171714
-1.698940
-1.102988
-0.176108
-1.319669
-1.523777
2.117435
3.541150
1.410248
4.321105
7.578646
3.103044
3.087964
-2.686023
0.247648
-2.374956
-1.882031
-0.872711
-0.918203
-0.817214
-2.318726
-0.783741
-2.908439
-3.682266
-3.553738
-2.396224
-1.325841
-2.195205
-0.145730
0.365150
-0.822856
-1.915018
0.873587
0.857130
-2.339062
-0.155642
0.516306
2.188681
2.171610
2.608330
1.394628
-1.730581
1.479296
-0.113750
1.112751
0.901811
1.071397
3.336057
6.021831
0.290674
3.284167
3.945617
3.626390
3.848800
3.248304
-0.863101
-1.302963
2.018996
-0.311107
-0.861809
-0.294184
0.628716
2.364350
0.197521
-0.898969
-1.434087
0.490919
0.080540
0.999231
2.070972
0.142944
-0.289078
-1.166965
2.028053
0.658354
0.788887
1.910756
-0.921383
1.569638
-0.609506
2.973068
1.063776
1.871459
2.196669
-1.268152
1.082055
0.462122
2.165514
-0.906053
1.336262
1.582971
-1.141061
0.759739
3.944801
4.003458
2.209340
1.172398
-2.827604
-1.043214
0.000747
0.487866
0.585270
-0.088732
-1.859333
-2.390460
-0.401354
-0.498268
2.044881
6.473899
0.415344
-0.025857
-1.841310
0.965329
0.418856
0.725204
2.513804
-0.266535
1.847499
-1.480647
0.789721
-2.574614
-1.944183
-1.607341
-2.878413
0.442380
-2.144590
1.402344
-0.083087
-1.653817
-2.105348
-1.083213
-0.417477
-1.945119
1.224444
4.459866
3.623807
2.467210
1.928031
-0.530019
-1.188801
0.159917
-0.321639
2.047460
3.271799
0.406513
-2.577357
-4.535161
-1.242793
-2.050744
-3.129835
-3.460760
-2.239879
-2.825694
-1.457191
1.403194
1.167433
0.068050
-2.018977
1.583837
-0.065871
-1.909741
1.003127
2.093411
-1.055240
-2.313253
-0.670304
-0.616498
-1.970028
1.471995
2.264272
-1.365184
-2.703347
-0.491246
0.467626
-1.983033
2.842861
2.544377
-0.957200
-0.851428
-0.782137
0.501003
-1.776834
1.619547
0.797778
-3.172736
-4.500723
-1.510993
0.082964
-2.367137
0.564697
-0.543812
-1.244584
-1.934982
-1.124816
-1.454525
4.855536
0.797447
0.592828
0.589289
0.177442
1.420566
1.378936
0.337532
-0.026911
-0.157599
-0.179812
-0.303286
2.266738
1.617804
-0.898409
-0.977648
-0.573122
-2.511862
-3.873003
-0.595449
1.368997
-0.841875
-1.316261
-2.397877
-2.948610
-4.308644
-1.779836
-0.912645
-1.031555
-0.594443
-0.387289
-1.461694
-2.022089
0.561467
1.171796
-0.400906
0.550114
2.359036
1.026941
-0.121190
1.866267
1.146134
0.741259
-1.709979
-2.457799
-1.346088
-2.237402
-2.389331
-2.277174
-1.049515
0.099912
-0.255531
-0.252110
-0.436448
-0.433724
-1.298637
-0.170765
-0.441055
-1.342885
-3.978098
-4.896728
-2.625988
-1.091789
-0.045517
-0.539009
-0.299077
-0.618698
-2.021124
-0.370416
-0.310236
0.285256
-2.656794
-0.865115
2.615199
1.820562
1.963336
0.099413
0.214418
-1.278793
2.114605
4.160129
1.805760
2.884112
-0.674113
0.616816
-0.155376
0.382073
2.238029
-0.209835
0.079925
-0.688230
-0.193927
0.356960
0.275042
1.909228
2.022554
0.267274
0.354954
-1.144778
0.321578
-1.140834
-1.519616
-1.774587
-1.212060
-0.200676
0.095889
0.275120
-0.717320
1.429799
0.752617
0.072296
-2.173329
-1.428283
-0.639854
-0.306454
0.889056
-1.153570
2.152302
-3.435090
-1.277921
0.684693
-0.534765
-0.422490
0.075851
0.919097
-2.623080
-1.136014
0.445362
0.230904
1.415775
1.147925
2.330617
-1.999353
-0.107336
2.420814
1.445193
0.315161
-0.527991
1.962450
-0.517761
-0.829643
1.765038
1.499601
0.677817
0.468313
0.903373
-0.529148
0.590562
-0.310944
2.854577
4.178992
4.837787
3.220854
0.478888
0.094415
-1.064368
-0.160708
-0.883943
-2.479941
-0.219999
0.808667
1.529327
-0.530845
1.693630
-0.460053
-1.632133
0.397574
-0.025400
1.826441
1.031882
4.206757
2.262578
-0.173277
1.645942
-0.425854
1.564124
-0.398196
4.542876
5.252337
3.952453
3.778012
0.589517
0.893069
-0.424585
1.459043
4.330400
6.412534
3.232837
1.311962
3.597622
4.539816
4.215655
4.982939
4.780171
3.652375
5.055860
-6.914911
0.834699
-1.459396
-1.458628
-1.039516
-0.513507
-4.980124
-0.095043
3.626923
3.708909
1.262972
0.243269
6.477818
2.307182
-1.396669
3.314832
1.288712
0.832125
0.270573
2.949300
-1.642550
-1.520766
2.628853
1.674132
-0.439566
-1.526439
1.968800
-1.005200
-1.753796
1.588558
1.603226
-0.387378
-1.319080
1.338278
-1.492802
-1.390844
3.346008
1.724298
-2.047852
-3.546829
0.778415
-1.150339
-4.951527
-0.146591
-0.639662
-0.789106
0.037934
0.397997
-2.320401
2.290592
0.637088
0.663755
-0.075026
-0.518777
0.479595
0.371544
1.613300
-0.352447
-2.319158
-2.577700
-1.203932
-3.105586
-1.891345
2.055382
-1.209526
-1.523073
1.772910
3.398786
1.169702
1.254090
2.284426
0.179993
0.153832
0.764917
0.688412
0.717883
0.396883
2.522239
-1.173068
-4.007823
0.086337
1.044229
-0.897077
-2.108552
2.155357
-0.160684
-2.060251
-0.753427
0.420997
-1.503576
-1.702807
0.840354
0.519241
0.242329
-0.670975
-2.521651
-1.124297
-0.227336
0.194951
-0.992513
-0.715972
0.146344
0.863985
-0.216845
-0.374180
-0.946455
-0.934266
0.050187
-1.664395
-2.180985
0.359587
-0.064111
-0.183224
0.230630
-1.564424
-2.297103
-1.072870
-0.457200
1.456306
-0.128336
0.276362
-2.123677
-0.724966
0.801070
-0.509132
1.308155
-0.613094
0.773785
-0.045683
-1.529096
0.048368
-0.288652
0.388394
-0.505572
-0.514752
1.146388
0.762149
2.148865
1.308754
1.285259
1.287535
0.644605
1.568863
2.992908
3.447845
2.522955
1.882293
9.381889
7.298156
6.877584
6.787797
6.861109
6.387953
6.044816
1.313750
1.755454
0.569341
2.931497
5.252457
-0.277034
-2.507718
0.119076
-1.136426
-0.942844
3.917809
6.100509
0.359652
-6.396291
0.018335
-3.150606
-2.269840
0.717534
4.981825
-0.960775
-7.563735
0.045838
-2.879845
-4.010833
2.179165
7.039663
0.406886
-7.308829
0.938114
2.088388
-1.153018
5.484770
8.422285
-0.255842
-3.804651
9.051601
6.652490
6.243362
7.177781
7.680686
6.258494
5.399050
2.011992
0.880280
0.462665
0.608537
0.244208
-0.738652
0.818228
0.805523
-0.889138
-1.858987
-0.991047
-0.944108
-0.698024
-0.748794
0.697539
-2.075929
-3.619018
-4.169093
-2.242447
0.056316
1.767008
0.217033
-2.192239
-2.361533
-3.762135
-0.572545
1.007711
3.344747
0.744521
-2.301524
-1.765272
-2.116157
0.616758
2.357552
3.899543
0.550044
-2.238202
-0.931401
0.838152
3.034985
1.579791
1.027736
1.324795
-0.845466
-1.639773
-0.571625
0.670400
-1.958153
0.613652
0.171324
-0.915286
-1.344207
-0.707373
-0.648397
-0.653105
-1.157806
-0.432532
-2.739811
-2.215003
-2.796302
-4.303301
-1.836948
-2.329000
-0.376191
-2.559592
-1.669005
-1.715613
-3.261767
-3.405416
-3.253994
-0.340313
-3.384097
-1.733675
-1.121690
-1.160431
-2.027007
-3.004954
-0.417406
-3.388344
-1.113055
-0.569385
-1.750617
-1.341404
-1.869277
-0.098231
-1.914521
-2.572633
-2.760920
-3.785768
-2.027505
-1.528119
-1.377731
-2.334077
-2.767289
-3.081680
-2.393080
-2.998093
-2.522253
3.206321
0.938502
1.166899
1.964038
2.309780
1.749823
2.099552
0.172303
2.261871
3.289463
2.922853
-0.023287
1.870705
1.510292
0.442790
3.158880
1.696866
1.496922
0.610480
-1.647499
0.893106
0.305048
1.637023
-4.157128
0.635601
0.161359
-1.630343
-0.737514
-0.162127
1.662636
-4.654495
-2.612200
-1.472776
-2.500553
0.883972
0.280299
1.273132
0.201383
-3.207566
-0.277462
-1.812555
1.143911
2.603595
0.433310
0.534116
-0.316779
0.173928
-0.329992
3.551217
1.897049
1.742094
1.952242
2.519590
2.823159
1.722951
1.681745
1.967887
1.095592
-0.074533
-0.012583
-0.096181
0.626431
-0.092660
1.874948
0.347095
1.747682
2.344118
2.124939
2.164376
0.639610
2.313297
0.687915
4.623076
4.888316
3.076108
3.025033
1.056829
2.432719
0.847033
2.906050
4.065506
1.842290
2.543835
1.499772
1.828719
1.741448
-1.117916
0.548106
-0.683713
-1.385867
0.491051
1.116334
1.510491
1.629191
-0.141396
0.873017
-0.060326
1.219242
2.887901
1.221067
2.447793
2.563930
1.978160
1.981120
2.600790
1.069704
-1.686227
-1.319208
-0.840110
1.310500
-2.140957
-2.004299
1.664323
-1.432959
-0.575341
-1.755944
-0.771956
-1.727141
-2.635293
0.921111
-0.800880
-1.544548
-2.202127
-0.149536
-2.333001
-3.535464
0.764679
-1.163952
-2.511027
-1.680626
0.732718
-1.279158
-1.481314
1.293894
-1.411314
-0.159366
0.043067
-0.422790
-1.005267
0.985334
3.080583
1.845950
1.938843
1.091884
1.564839
0.796151
3.212137
0.712065
-0.538618
0.504469
-0.122415
-0.219250
-0.121122
-0.077288
2.272117
0.529585
1.696336
-3.323049
-4.137568
0.494501
0.842863
2.105791
1.089539
-0.746192
-2.552030
-0.513261
-0.725095
0.167275
2.553320
0.466804
-2.984991
0.304207
1.348744
0.436458
-0.224319
2.255070
-0.554461
-3.562131
-3.300823
-2.058747
-3.348506
-0.141654
2.014971
-0.120052
-0.690605
-3.011425
-1.680567
-2.669006
0.886199
2.477794
-0.490234
0.302834
0.167272
0.110798
0.657652
0.387104
3.761374
0.173473
-0.022293
-0.180265
-0.244779
0.560003
1.053865
0.889889
-2.489745
-1.426611
-0.900725
-2.449576
-1.552457
-2.120687
1.446489
-2.413303
-0.060193
-1.505068
-2.207930
-0.264622
0.025553
1.414725
-2.133054
-1.466136
-1.617849
-3.863965
-0.709473
-0.711295
1.394619
-2.912158
-2.497828
-3.269897
-4.092443
-2.370400
-1.899662
1.769146
-2.416031
-1.198136
-1.189612
-1.179740
0.157341
-1.607874
1.013276
-3.167470
-1.758646
-0.765877
-1.682236
-1.159094
-1.030181
2.519050
-0.481278
0.362694
0.123004
-0.281804
0.316069
0.352468
-1.567940
-0.748761
-0.461537
-1.128695
-0.681345
-1.607106
0.554952
-0.740296
-0.362398
-0.525213
3.612481
4.046581
-1.539669
-1.030425
-0.104342
-1.689770
0.287198
4.174642
4.503315
0.800411
-1.337123
0.325738
-2.230734
-0.692936
3.140064
2.959754
1.839140
-0.858726
-0.314692
-1.689978
-2.450347
-0.226635
0.905048
-2.177085
-2.315618
0.211932
-0.662939
0.364131
1.256267
0.738609
-0.066459
-0.229933
-10.678648
-0.226632
-3.135985
-4.723577
-4.540039
-3.842887
-4.057511
-2.428335
3.163361
1.374972
-1.491091
-0.923984
-0.033602
1.483460
-4.119319
3.056558
0.327094
-2.832022
-2.155938
-3.064329
0.928051
-2.956266
3.531106
0.261416
-2.167060
-2.092344
-1.834335
-0.690398
-2.633192
5.054082
1.520273
0.459527
0.116554
-1.271200
-0.743750
-3.204803
4.340871
3.505587
-0.791830
-4.727030
-0.678052
-0.997371
-6.387583
1.687639
1.115685
0.575873
0.020805
0.597987
0.180767
1.473257
0.577981
0.625717
1.478312
1.787687
0.954221
1.404066
0.512765
-0.370564
0.117307
3.568889
3.700161
1.082068
1.084210
0.572090
0.710964
2.460229
2.480914
0.824048
3.452724
1.816950
0.855695
1.572797
2.883874
1.942105
0.318453
2.262311
1.690482
0.743181
1.037578
0.787329
1.521670
0.854309
2.129857
1.218459
0.694907
1.570119
1.312720
3.463406
3.110227
2.425444
1.273974
1.563943
1.954096
1.586784
1.890507
2.090779
1.314366
2.581976
5.308476
1.165987
0.916772
1.114614
1.807181
0.852665
2.033281
1.444572
-0.370522
0.159093
0.122239
0.908267
0.170798
1.413473
2.195496
-0.259737
-0.163236
-3.607207
-2.283197
-1.949670
1.329128
1.597927
1.387433
2.747277
-2.418619
-1.684835
-2.079622
1.316789
1.305001
0.106506
1.476629
-0.491659
-1.813007
-1.779936
2.096084
1.196233
-1.131365
0.163373
-0.256853
-1.756489
-2.343161
1.876698
3.356004
0.957845
1.002476
2.323987
3.268263
1.516838
2.856206
-0.789583
-0.256068
0.886310
1.304608
1.195602
1.372942
2.641166
-1.388861
-0.525907
0.122988
0.822120
2.296616
0.787156
1.952628
-0.345555
-0.363551
0.835073
2.169101
2.523610
1.207325
0.126080
-0.146424
0.580001
4.434444
1.157937
0.752421
1.624067
2.599746
0.344846
0.361452
4.114531
3.053423
1.031345
3.260061
3.323680
0.514620
0.144992
0.960117
5.399591
4.038764
1.075004
2.384949
3.311491
2.348862
1.437126
1.760739
2.747858
1.775295
4.064704
0.052169
-0.866723
-1.885263
-1.602293
-1.214973
-1.677165
-0.115443
0.175011
-0.088685
1.160945
-0.269190
-1.434151
0.158728
0.433769
-0.765118
1.103821
0.468172
-2.356218
-2.579075
-2.361602
0.361390
-0.504887
2.067567
0.895596
-1.639869
-1.387231
-1.552521
-0.137059
-0.638777
1.411691
0.742927
-3.462033
-3.899620
-2.801609
0.553409
-1.495848
-0.522512
-1.030333
-5.390482
-5.859038
-3.009364
-0.054267
-0.387674
-0.100792
-0.939481
0.392138
0.985652
-1.006902
-1.698827
2.279419
-0.071066
0.166410
-1.785183
-1.888936
-1.384224
0.089916
0.381395
-0.695588
-0.106529
0.375584
1.213681
-0.082961
-1.866326
2.186755
-0.929212
0.542222
1.799436
2.939810
3.739272
-0.087842
2.082132
0.226386
4.098770
1.808513
1.723132
3.549535
0.465561
1.880846
-1.850724
2.906372
2.254716
3.170232
1.344572
-1.993631
2.247892
-0.857612
-0.835049
3.101190
4.222192
-0.088513
-1.522104
0.025073
-1.815697
-1.665865
-3.239584
-4.680208
-3.139511
-2.885244
5.854322
0.361092
-0.891798
-2.228684
-2.426328
-1.708412
2.808394
0.203446
-1.010474
-1.053351
-0.062793
-1.305386
0.510789
-0.172132
-1.616968
-2.457647
-2.736903
-1.842569
0.010893
-1.893073
1.184579
-2.335480
-2.114260
-4.478525
-3.188363
-2.522197
-2.774019
0.828468
-2.135739
-2.416649
-2.533925
-4.485860
-4.203936
-2.119678
1.100620
-1.836690
-2.686747
0.393332
1.842277
3.115371
3.694320
-0.442186
0.537904
-3.107565
-0.878374
2.647615
2.471855
0.634398
0.819806
-0.444649
-2.106451
-1.740217
-2.198678
-1.979464
-2.026960
-0.933733
-2.561873
-0.985970
0.287467
1.561601
1.592044
-1.396515
-1.890354
-1.037395
-0.260698
1.117268
-1.510787
-1.631135
-1.297880
-2.204808
-1.165618
-1.624805
-0.082751
-1.828595
-1.401664
-1.757145
-2.798363
-1.041826
-2.211650
-1.245151
-0.568906
-0.072176
-1.577070
-3.139500
-0.974309
-0.634734
-1.517847
-1.356888
-2.873479
-1.217024
-3.086243
-2.153130
-2.339569
-1.082984
-3.259564
-3.733391
-1.423174
-3.501406
-4.270850
1.468773
-0.351454
-0.206765
0.765390
0.271272
-9.371387
0.207829
4.046566
6.592860
5.525489
5.050678
7.124398
-1.324657
-2.783326
5.827519
1.646292
-0.787527
0.152970
-2.243052
-1.515506
-1.285649
4.220177
-2.901114
-1.300906
-0.064343
-1.641855
-3.681849
-2.157149
4.493333
-2.599483
-3.671363
-1.231807
-2.818249
-1.481377
-1.382673
2.615833
5.377552
-0.181011
-0.387804
3.187430
-1.356680
-8.277008
-3.851217
-3.898117
0.033397
1.028272
0.482363
-15.235015
3.585391
4.313511
2.551693
1.429867
2.074077
2.590660
4.634975
1.175553
0.897637
-0.040286
-0.014975
-0.327627
-3.111413
-0.549037
0.059367
0.591203
0.497114
-1.167876
-3.800053
-4.529702
-1.474211
-0.022854
1.217054
2.262297
-0.914280
-3.719218
-2.970881
-1.256838
-0.574555
0.849898
3.303705
0.721919
-1.791516
-2.416602
-2.694425
1.113263
0.295893
1.292890
4.641168
6.998957
0.490204
-1.388082
3.744900
1.684052
0.579821
2.255006
3.166615
0.744668
3.401739
1.580556
-0.382899
0.807986
0.039770
0.540839
0.276691
0.145761
0.151522
-1.849898
-2.423370
-5.361358
-5.880631
-5.451783
-2.909951
2.840307
-0.227985
0.546593
-1.597651
-1.211327
-1.999619
-2.011655
2.527635
1.254565
5.580308
2.902578
3.132055
1.558892
-1.761705
2.598758
1.328194
3.437668
2.988723
3.839987
-0.515779
-4.102165
2.345019
-0.782351
-1.073031
-3.022057
-4.215317
-4.115046
-2.093602
1.542711
-1.340069
-1.667300
-4.644105
-5.418729
-2.943000
-1.255758
-1.879170
-1.318641
-0.728928
-0.255485
0.309126
-0.020149
-1.809396
-1.771660
-1.193468
-0.054606
-0.612765
-1.733656
-0.236605
2.046925
-0.648924
0.168638
1.387016
1.260843
0.841223
1.623203
1.536963
-1.259188
-1.644957
1.776524
0.886875
1.813327
-0.347969
-0.225005
-1.036226
-1.843641
-0.176019
-0.678577
1.408207
-0.457086
1.500343
-1.241592
-0.768109
0.309208
0.449277
-0.194163
0.145246
1.588955
1.838006
1.808481
2.402621
2.373895
3.091284
2.116622
2.181153
2.617160
-0.742260
0.011756
0.854331
1.539270
0.898781
0.832981
0.554105
-1.419126
0.014975
-0.319456
-1.123425
0.845441
0.350712
1.030528
-0.406340
0.610695
-2.549001
-3.848234
-1.988529
-0.288294
0.934644
-1.530235
-6.964195
-0.241097
1.553266
-2.162031
-1.757288
0.835070
1.384822
-4.299256
-1.631631
-0.253165
-0.208929
0.754651
1.656977
1.575589
1.179956
-5.005173
-4.996019
0.196943
1.347293
2.200706
1.276319
0.992072
-0.063738
-0.297760
0.168384
2.294844
-0.959571
0.448849
1.760292
-0.808853
-1.182972
0.362798
1.346708
-0.122117
-0.457965
-0.714645
-0.063935
1.979995
-0.708101
0.294378
2.960064
0.937496
3.466710
3.709049
3.207600
3.404853
-0.551604
2.550850
2.483342
3.895511
2.351825
2.514848
1.248880
-0.903611
2.708408
1.192952
1.984342
2.083538
1.559306
1.975571
0.303931
3.366050
2.339900
3.337690
3.730785
1.150305
2.402055
1.608408
1.282799
1.433267
1.539772
-1.397484
-1.963529
-0.557971
0.419828
2.752727
2.464520
3.296057
2.602876
1.252344
3.164901
3.406718
1.938405
-1.243215
-0.778496
-1.927011
-2.727341
-0.206192
0.479819
0.651304
-1.772170
-0.780590
-1.476519
-0.933044
0.780224
-1.587199
-0.229974
-4.881061
-3.645471
-2.175385
-0.634404
0.458258
-3.472824
-0.180078
-3.154863
-2.304041
-4.308243
-0.827926
-0.680516
-3.539115
0.070654
-2.546366
-3.273618
-3.597008
-1.132118
-2.301548
-2.852805
2.696779
0.334119
-1.010773
-2.833889
-3.230250
-2.197634
1.477654
3.887928
0.312616
0.383944
-0.094385
-0.228312
0.504088
2.001820
1.505800
-0.692728
-0.604933
-0.339285
1.237628
0.825821
0.410631
1.877793
-1.464972
-1.148836
-2.606445
-1.755845
-1.516970
-1.231609
2.057956
-1.928045
-1.818179
-2.690613
-1.341863
-2.042155
-0.285172
1.851525
-1.679428
-1.703751
-2.103327
-2.194677
-2.412479
0.074433
1.657222
-0.298982
0.607991
0.207820
-1.717078
-1.174236
0.649092
2.749000
0.272122
-0.307587
-0.483823
0.363886
-0.047651
0.205479
0.527610
0.005470
-0.487411
0.022728
0.559424
-0.627657
-0.642371
2.260762
-0.380384
-0.485011
-0.465673
-0.652347
-1.301973
0.215095
2.058763
-0.449694
-0.797297
-0.764907
-1.361806
-2.088007
-0.096198
1.356414
-2.029551
-3.088464
-0.360491
0.594691
-1.051869
-0.610315
1.067814
-3.676503
-4.268162
-3.175783
-0.954030
-2.869493
-1.700917
0.769619
-4.232304
-2.991770
-3.097816
-0.899386
-2.092678
-1.392736
0.437892
-2.591396
-2.284106
-1.470653
-2.178837
-1.867715
-1.081486
-0.885483
0.162368
0.741335
0.383844
-0.233440
0.475672
0.397187
-1.464449
-1.706934
-1.652482
-1.457330
-0.469017
-2.858763
-1.030140
-0.217823
-1.104805
-1.342525
0.952799
1.804155
-1.372409
-2.992370
-0.095454
-1.867599
0.896732
-0.619130
-0.699157
0.882581
-2.321910
-0.724215
-3.270143
-0.796315
0.388200
0.275622
0.469209
-2.557377
-1.167557
-2.084759
-2.388838
3.797203
5.357330
-1.451087
-2.639832
-1.445921
-2.307583
-1.950591
-1.967825
-1.356889
-2.339886
-1.394959
3.424632
1.873756
2.115537
1.703306
1.255872
2.075137
2.397225
1.517902
-0.015975
-0.382254
-2.831953
-3.491972
-2.398118
-0.263675
2.090851
-0.210077
-3.164897
-1.387857
-0.795239
-3.127824
-3.879621
2.341671
0.522739
-0.052070
-2.108408
-1.897491
-1.167645
-2.060033
2.104943
0.304673
-0.009758
-0.663911
-0.116285
-0.882587
-1.338699
2.545631
0.331434
-0.791937
-1.504525
3.733456
-2.036688
-0.680460
2.494331
0.255738
0.074656
-0.603407
0.840395
-0.181836
0.652438
3.896597
0.055188
-0.149361
1.059193
1.685748
1.039372
1.045220
1.401673
1.679531
2.065214
3.941394
5.941093
4.949836
2.174095
2.289996
2.583849
3.303801
2.448482
2.440629
3.707345
2.503890
2.409557
4.225219
1.762242
0.691883
0.205246
0.068721
0.961745
2.157235
5.598416
3.923523
0.461383
1.555105
1.006129
1.773507
1.846853
3.257562
3.370881
-1.323707
-3.298265
1.946726
1.891812
2.151809
0.415251
0.555747
1.710702
1.014376
1.396358
-0.228019
5.791170
1.077735
2.483375
2.567226
2.414497
2.858714
4.242729
1.565451
-1.330106
-0.273846
2.143604
3.379001
1.043347
-1.174289
1.970351
-2.541584
1.018447
-0.162627
0.549453
1.617281
1.034847
1.863260
-0.551531
3.092547
-1.848119
-2.605731
1.490086
0.425810
1.717517
-2.437664
5.233519
1.917613
0.221632
3.416409
0.212991
2.303595
-0.885541
-0.214750
4.956092
6.411083
2.606079
-0.148126
5.789615
0.930630
-0.850179
-1.725177
-1.252833
-1.588417
4.349204
-2.751766
-1.183813
-0.819176
-2.784684
-3.616415
-2.957294
-2.132407
-1.724817
-0.926942
-2.973917
-1.681613
0.663073
-3.983348
-3.801049
-0.922475
-1.604660
-0.532817
2.445471
5.080434
0.544780
-2.978611
-1.404541
-1.535657
0.977510
1.273824
1.306472
0.038772
-4.288282
-1.896487
-2.284270
-3.968487
-1.416855
-1.188065
-2.621767
-4.900210
-2.429295
-1.596794
-4.649286
-4.416384
-3.374444
-3.939083
-3.809362
-3.090228
-2.423024
-3.209853
-5.374766
-6.844182
-3.354973
-2.132815
-0.563262
-0.075833
-1.548853
-0.919593
-1.311529
-1.919246
-0.031070
0.435160
-2.418865
-3.343231
-3.532355
-4.662157
-4.504109
-2.747994
-0.928002
-4.387191
-3.311721
-2.617569
-2.688937
-4.319889
-6.254866
-0.566242
-4.942878
-8.685753
-4.667356
-2.152463
-5.138292
-5.665329
-0.796224
-2.832368
-7.186660
-5.411231
-4.356359
-3.651392
-3.597936
-1.330456
-1.638865
-2.742143
-5.030686
-4.210879
-5.586671
-2.463897
0.578667
0.251453
0.982382
-0.307076
-0.808233
-0.106492
0.435385
-2.907785
-0.921884
-0.522810
0.737336
1.314230
0.428124
-1.167854
-0.922386
1.247632
0.266370
-2.212586
-5.636034
-0.419254
-1.232230
-0.540143
1.106170
-1.580436
-2.551692
-3.092074
-3.213566
-0.630001
0.242274
0.626288
0.801043
-2.237321
-2.062647
-1.871053
-0.261877
0.345434
-0.261586
-1.616651
-2.061303
-2.044094
-1.679795
0.209641
-1.070086
0.317573
-3.614241
-5.800915
-6.537472
-3.877474
-1.726530
-2.002312
-0.542384
-0.949650
-3.858486
-3.176353
-2.628965
-2.706038
-0.384407
0.640495
0.465047
-0.610926
-0.700694
-0.274425
0.628571
-0.140787
0.637162
0.033003
0.734010
0.226211
0.353369
-0.838531
-0.941000
-1.772407
2.567920
1.945982
-1.437240
1.295153
-1.662436
-1.023167
-2.552643
2.633908
-1.142654
-3.490309
0.867992
-0.869691
-0.778848
-0.897027
3.084939
0.686602
-1.347961
1.898010
-0.275179
-0.284994
1.514880
1.106640
2.639335
2.793696
3.955880
1.124470
-0.426979
1.630005
1.417636
0.829177
1.015902
1.740265
-0.856905
4.109628
-0.818500
-0.027766
-0.104717
0.082391
-0.053661
3.099312
2.250965
0.594164
1.311169
1.067884
1.436725
0.838575
3.489614
3.220606
1.189184
1.639390
1.847716
2.907002
1.526431
2.921191
3.323851
0.320980
1.033136
2.504296
2.864786
1.897412
3.878601
3.045617
0.237723
0.133248
1.828259
2.132318
0.579908
2.880045
3.275589
0.408289
2.112806
2.088202
1.639632
2.464417
3.323094
3.375631
1.229213
2.713502
5.315920
4.485344
3.988909
3.462843
6.170888
2.348098
3.133197
3.196981
3.325366
4.045808
2.486228
0.301692
-0.307497
-1.086942
1.368819
3.031777
-0.532317
-3.137112
2.821929
0.022458
3.419776
5.073451
4.730298
2.931766
-2.955051
2.583947
1.076261
3.640641
2.121668
0.416364
0.892208
-1.606700
2.585016
1.290139
3.837196
3.059704
1.084921
1.654725
-1.086677
4.215699
2.883880
3.642875
4.313916
2.270055
2.093110
-0.969897
-1.032995
-2.342597
-3.425080
-3.685175
-1.631033
-2.882061
-5.532473
2.533246
-0.685776
0.235538
1.146190
0.919801
0.943248
1.351979
-1.248990
-2.952687
-1.509697
-3.636192
-4.340906
-0.085962
-0.975572
-0.990662
-0.772762
-0.314500
-2.765357
-2.808592
-1.897269
-2.560996
-0.650506
-2.563622
-4.649045
-1.674286
-1.551165
-1.039137
-2.695264
-0.365151
-0.208886
1.154000
-0.335349
0.092289
1.130785
-0.182914
0.770058
-0.393645
0.917109
0.319724
2.317456
2.339178
0.085892
2.747819
1.326148
0.192389
0.158224
1.046011
-0.104452
1.810322
-1.328092
-2.360363
-1.449989
-1.701887
-1.166833
-1.033900
-2.404834
-2.422890
-2.233883
-1.768244
-1.870408
-1.431235
-0.832478
-1.984857
-1.059530
-1.152462
-2.509067
-2.848671
-1.384565
1.286176
2.302069
-0.586023
-0.321633
0.010870
0.144588
0.898283
3.252027
3.302201
-0.280415
-0.346543
0.207273
3.268535
2.972883
3.660346
2.049996
-0.152724
-0.664576
-0.125122
3.672616
4.503232
2.952833
0.058467
-1.337289
-2.597136
0.059401
1.876067
2.378501
0.344887
-1.945714
0.713959
0.095120
0.040948
-0.555973
-0.313621
-0.175575
0.601247
0.863539
1.647229
1.097152
-0.874364
-1.369918
0.873846
-0.368122
1.255278
1.281779
0.613999
1.038160
0.807100
1.392884
-0.583111
0.733502
0.054869
2.569761
1.633078
2.176972
2.153433
0.853078
0.816376
0.368830
0.280465
0.338578
0.745842
1.126505
0.607055
1.139347
1.000621
-2.839812
-0.393095
2.979463
0.422791
0.068622
1.551504
2.311459
1.431070
-0.136313
0.547298
1.968210
2.632765
-2.143667
-0.081925
-1.419559
-2.422298
-2.565341
-1.659637
-0.652564
-0.114365
1.343659
1.111762
0.682968
1.478042
1.772034
0.281093
-1.133306
0.248971
-1.019083
-1.529185
1.366533
-0.526772
-0.122991
-0.588894
-0.791570
-3.992643
-1.575640
1.172278
-1.576406
-1.213814
-0.852582
-0.154366
-2.401066
-3.905625
-1.577732
-2.470753
-0.378865
-0.330459
0.126285
0.817031
-3.782210
-4.087654
1.108945
0.451926
0.764669
1.425029
0.691288
1.515916
1.029060
1.870314
1.501944
4.847824
1.610292
3.064089
2.990275
2.655390
2.859997
3.573728
1.757260
-0.043627
-0.612130
-0.491022
0.754574
0.074244
0.896816
3.355200
0.189293
-0.515158
1.352726
1.165537
1.254824
2.847563
3.644666
1.726824
-0.171888
2.357821
3.288204
1.227046
2.659210
3.959001
1.106286
0.496805
0.121066
3.490307
1.690010
2.521668
2.919099
-0.458099
-0.027039
2.776865
3.890754
1.295769
1.315419
3.986040
1.520315
1.101911
-0.139839
-1.120876
0.257619
1.957050
1.038235
-4.300768
-2.032938
-2.279357
-2.289455
-3.815234
-3.838187
-3.335514
-7.755784
-5.757767
-4.727308
-5.746297
-7.255616
-6.453899
-1.314858
-6.590679
-4.960079
-2.174682
-1.564595
-3.444313
-2.601832
-1.306715
-3.405127
-2.949161
-1.948495
-0.316437
-2.010046
-2.168169
-0.993822
-2.953045
-4.096032
-4.384619
-1.930148
-3.994256
-5.211261
-0.857535
-4.195403
-3.387711
-2.438309
-2.879764
-4.122496
-6.228590
-1.623668
-4.983928
-3.974907
-1.125512
-2.676852
-3.748247
-6.900362
6.700018
2.235336
6.362456
6.151969
5.752989
6.623921
4.165523
0.057541
-0.027594
1.696227
1.705131
0.618849
0.663289
0.226011
3.034761
1.212983
3.152495
3.940952
3.384955
3.776726
2.021372
2.998910
0.665323
4.171206
5.526699
3.310521
5.351956
2.204619
3.016061
-1.374605
1.140526
4.156549
3.950335
5.133110
0.858475
3.696074
0.210978
3.380360
2.827322
1.266080
3.699401
-0.616466
1.974162
0.532211
0.626021
1.783838
1.592000
1.723727
-4.048529
-3.236671
-3.130636
-4.099735
-4.022007
-3.484029
-4.209159
-1.662165
-2.695409
-0.250705
-0.817522
-1.634086
-3.217905
-2.636711
-0.627225
-3.817486
-0.830589
-1.415113
-4.815674
-5.485819
-5.226168
0.842132
-3.585560
-0.379243
-1.301531
-4.188809
-5.094985
-2.849681
2.059161
-3.920164
-0.575717
0.494202
-1.499578
-4.152111
-0.477634
2.253696
-3.730168
-1.033032
0.577215
-0.080363
-2.142399
2.061009
0.254591
-1.895341
-1.814115
-1.893039
0.434352
0.441489
-0.607781
0.589206
-2.505954
0.452893
0.904444
0.760624
0.750373
0.730600
-0.123166
-0.816895
0.660801
0.197035
0.523716
1.087311
-0.264454
1.085334
1.150246
1.339441
-1.145236
-0.020135
1.676082
0.516638
1.122823
0.630254
1.243628
1.066447
1.109181
1.022964
1.151938
0.520077
0.793836
0.444154
0.009590
1.332441
1.331137
-0.399833
0.201716
0.325656
2.114923
1.422545
2.991491
2.173952
0.358157
1.452009
-1.782573
1.469914
1.894233
3.780301
4.066797
2.738092
1.105778
-1.538946
-2.086694
-2.761696
-2.433821
-2.109939
-2.367299
-1.817508
-1.314627
-1.843502
-2.893260
-0.331615
1.696293
-0.120498
0.324327
-0.721516
-0.721721
-0.482327
1.244831
1.689801
0.180543
1.039592
-0.623803
-0.686014
0.971011
0.638645
-0.100757
-0.139555
0.034117
-0.299869
0.894472
2.929942
2.337983
1.201982
2.844264
2.136828
-0.369491
1.162558
0.275476
0.142122
0.345429
0.456673
0.603841
0.911024
-0.186691
-0.684067
-1.761788
-2.036602
-0.709044
1.952847
-2.593316
-0.880562
-0.295470
0.139398
0.790619
-0.074963
-0.454188
-1.530808
0.890291
1.239183
2.344105
5.247596
0.698605
1.228622
-1.472211
1.200550
-0.986490
-0.857948
1.005035
-0.327234
2.881526
-1.585568
2.547048
3.021792
-0.951081
-0.752986
-0.984325
2.603250
-1.630972
2.617008
2.237725
-0.632595
-1.550124
-2.181300
2.237638
-1.525276
1.691529
1.424962
-0.669525
-2.256776
-0.832757
1.993018
-1.816156
0.296764
0.996001
0.535731
0.034563
0.966006
-0.479632
0.436099
1.823123
1.070591
1.965322
2.060051
1.715710
0.659274
0.869879
0.629533
1.461878
1.545685
2.651300
2.260956
0.635561
-0.053516
0.452086
1.738771
1.260051
1.536246
2.249786
1.876804
0.467459
2.310264
2.539059
-1.850526
-0.624180
-0.543737
2.212362
0.427496
2.141832
3.073702
-1.665095
-2.017916
0.825567
1.808888
-1.279272
0.993512
1.733862
0.245021
-0.476336
2.622953
1.191436
-2.761151
-1.180776
1.164151
-0.388830
-0.634602
0.904838
-1.176405
-2.343485
-1.877665
-2.370254
-3.883993
-3.973608
-2.627050
-2.051120
-2.319121
-2.087404
-2.431593
-3.046063
-2.688992
-2.047918
-2.289729
-1.704068
-1.295062
-1.145333
0.448531
1.627148
-0.004645
-1.101634
-1.615207
-0.794476
1.751131
0.026774
-0.190511
-0.105780
-0.027683
-1.534229
-2.751527
-0.066925
0.964907
0.282725
0.040635
-1.312039
-1.648017
-2.084301
-2.902246
-2.420484
-6.632389
-2.985605
-2.230142
-3.576470
-2.135232
-1.847309
-2.956181
-3.479583
-1.591975
-2.617712
3.420170
-0.345536
-0.106917
-0.191822
0.111287
-0.557576
1.615400
0.019354
-0.803168
-0.116523
-1.300463
-0.634304
-0.946287
1.139594
0.414446
0.071700
-0.535587
-1.916012
-0.675457
-1.297938
2.457988
0.203582
-0.527038
-1.834970
-1.374538
-1.545305
-0.758662
1.068738
0.220688
0.468445
-0.321337
-1.773037
-0.710229
0.044454
2.756363
0.521892
0.193735
1.607403
-0.451327
0.871884
0.186665
2.476895
3.226195
1.787873
1.988125
2.218113
2.913001
1.663553
3.368508
0.126766
-0.424201
0.476346
0.573161
1.022648
1.270534
0.450814
-0.166164
0.698970
0.626127
-1.553365
0.874475
0.557640
1.261058
1.009162
1.197235
-1.653633
-1.938655
-0.218256
-0.239340
-1.222542
1.133331
-0.572739
-1.382084
-0.770077
-2.288158
0.993262
0.600445
1.066809
-0.579701
-0.803149
0.816351
-0.073469
0.635811
-0.225415
0.746606
0.224378
0.001798
-1.956042
-5.417070
-0.646138
0.064959
0.604132
0.070843
0.131322
-0.897612
-1.192844
0.919955
-0.105177
6.945057
1.534232
1.795936
0.849551
-0.127683
1.462093
4.783678
1.982965
-0.408707
-1.453772
-1.592150
-2.695554
-1.746253
-1.209772
3.127205
-0.039442
1.491346
3.150970
1.708330
3.526802
-2.286409
2.968012
-0.994528
-1.702497
-0.670984
-2.226734
0.520944
-1.963835
2.924679
0.164418
-1.210842
-1.373636
-2.841446
-0.006318
-1.044734
3.756981
2.072341
1.726359
3.735036
4.654002
2.160860
1.281610
2.967571
0.323341
-1.950748
-2.398696
-1.779580
-2.553105
-1.483212
-0.803569
-1.727436
0.165649
-0.466678
-0.724348
-1.569198
-3.776625
-3.474119
-4.278761
-1.283301
1.339307
2.511522
-0.233063
-4.807686
-3.676446
-4.366653
-0.224208
-0.679033
-0.170594
-2.281220
-4.811416
-3.930728
-4.344770
-4.297131
-6.253495
-7.203056
-4.940374
-7.513597
-3.999026
-4.233819
0.262933
0.437438
-1.313221
-1.662029
-5.840983
-3.336603
-7.034716
1.750769
4.692719
3.251551
3.444415
-5.164327
-1.534755
-3.881521
-2.185998
2.520089
3.260058
0.807889
-8.228953
-2.535768
0.317644
0.288385
0.860351
0.622986
1.099780
1.378958
0.985850
2.279797
1.376616
3.109644
3.752194
3.761641
2.877610
0.893295
1.115600
1.334985
3.288306
4.284129
5.963290
2.571152
0.663548
0.690173
0.069569
1.712676
1.241049
2.702263
2.528368
0.568527
1.882488
-1.407366
1.491345
2.469287
1.548789
2.517400
0.646448
2.644683
1.490030
1.686761
3.611678
1.994291
2.810570
1.194624
4.891384
3.013629
1.587811
0.458072
2.792912
5.516965
-2.408301
-0.770699
-0.849750
-1.637847
-2.702661
-1.217084
-1.683121
-1.902501
-1.012037
-2.565141
-6.252183
-8.591276
-5.361983
-4.505318
-1.321738
-1.637904
-3.038713
-2.030476
-4.053973
-3.874428
-5.168216
-1.439466
-0.618168
-0.969594
1.355816
0.742175
-1.392118
-4.980925
-1.906301
-0.406115
-4.153119
-3.317876
-2.724530
-6.102523
-7.141143
-3.208162
-2.432345
-5.713849
-9.607132
-8.389633
-8.991982
-5.732649
-2.581349
-3.416302
-3.234685
-6.796978
-7.451677
-5.611463
-4.428192
5.022806
-0.467043
-3.175513
-3.332746
-3.219033
-2.365042
-0.771557
-2.136125
2.323311
0.744752
2.939423
2.023695
2.648879
-1.898663
-4.096079
1.270662
0.018610
0.757221
0.878960
0.028007
-0.588920
-4.432408
0.808205
-0.646275
-3.092920
-0.281606
-2.932237
-0.727804
-4.171203
0.597668
-2.432624
-3.987292
-3.571586
-4.150987
-1.182743
-2.126355
3.630787
1.556940
-1.004716
-0.742779
0.557423
-0.109460
1.907561
0.527193
2.247841
4.649646
2.034179
2.271780
0.858885
-1.581963
0.519344
0.022884
-0.161373
-1.030126
-1.254177
-1.118575
1.141937
2.025524
-0.055120
1.113279
2.942463
-0.970068
1.604236
0.530648
2.263727
-0.080227
1.682313
4.100384
0.760850
2.463241
0.302268
0.244200
1.756324
2.551053
2.545635
0.983718
0.170091
0.490787
-0.793050
-2.155522
1.782796
1.547013
-1.276260
-2.194991
-0.611088
-1.065423
-5.949425
-2.428051
-0.845335
-4.613733
-2.300079
-0.712736
0.562308
-1.808243
-4.703159
-4.079609
-2.826826
0.578866
5.259576
1.196852
2.773979
3.088395
2.705188
2.037380
2.917433
0.685681
-0.801874
-0.327635
0.714012
2.057696
-0.404127
0.391241
2.158366
-0.427377
-0.477285
1.609613
0.742230
0.488199
-1.063101
1.854017
-1.562974
2.047499
0.615608
0.288670
0.417125
-1.576411
1.804612
-2.099516
1.891315
1.799428
0.474185
1.334087
-0.483490
2.032583
-1.939439
-1.913259
0.583631
0.606395
-0.841734
0.202477
3.541679
-0.582252
-1.262720
-1.821576
-2.628776
-1.296742
0.328205
-14.880686
-6.157302
-7.613910
-7.099082
-6.605558
-6.940187
-12.001685
-6.328753
-0.414258
1.042528
0.995602
-0.836601
0.532788
-3.569686
-8.215458
-0.135274
1.067809
2.086001
3.040669
-1.404175
-4.602324
-7.367046
0.359184
-0.938474
4.625042
3.275234
-0.545372
-6.813263
-7.823709
0.058736
-1.689146
2.520668
1.078665
-1.574543
-5.001144
-7.597895
-0.723419
1.380657
-0.938039
-0.465038
-1.359252
-3.880465
-12.484386
-6.591728
-4.749248
-3.040577
-3.696633
-4.012885
-10.544996
-0.611255
-3.545097
-1.788429
0.120855
1.304569
-0.411405
-3.222693
-2.563337
-2.188363
0.096769
1.564625
-0.456295
0.849592
-0.811241
-0.881318
0.013577
0.946172
-0.146079
-1.120205
0.670098
-0.279554
-0.778013
-0.978075
-1.821839
-0.856847
-1.286066
-0.048681
-1.610846
-0.844402
-1.601782
-1.657608
-2.711605
-1.415497
-0.176299
-2.447159
-2.689911
-3.213454
-1.520700
-2.951768
-0.657509
0.917003
-2.330106
-3.301665
-4.859265
-3.096408
-2.151494
-2.339731
-1.378224
-3.861711
-5.275235
0.776867
-0.858684
-0.627960
-0.631795
-0.777904
-1.155832
-0.125225
0.707293
-1.578784
0.597934
4.446255
-0.717696
1.630122
-3.662120
-1.773601
-4.219707
-1.153632
-0.308155
-2.307698
0.017109
-2.961023
-0.154917
-1.464937
-2.331147
-0.267267
-2.995427
0.673316
-2.972195
0.355851
0.236988
-2.362917
-1.027825
-1.777266
1.045970
-1.409939
1.182724
-0.265997
-0.978196
0.975739
-2.387504
1.036195
0.680866
4.641769
2.198184
1.628402
1.352635
1.428678
5.161456
2.678988
3.520896
2.239929
3.853932
4.189472
2.844010
3.604655
2.898615
2.355678
3.178113
4.100492
3.688668
5.507204
3.967476
2.750001
2.059075
2.947155
0.463388
-0.200516
2.095321
4.566018
2.486254
1.091331
-0.908669
0.293400
0.842799
0.456521
2.866473
2.462765
2.196236
2.069808
1.807745
1.435799
1.149126
3.235829
1.995104
1.766495
2.915359
3.772959
2.926772
4.207926
3.210972
3.605917
3.567954
3.402598
4.601558
4.609611
3.515486
4.780937
-1.652477
-2.845963
-2.278574
-2.058586
-2.711351
-2.851434
-1.447084
1.121901
0.936061
1.728479
1.308603
-0.038709
1.859063
2.654607
1.498395
3.484930
5.260181
1.807746
-1.825456
1.583404
3.559948
0.875567
4.289994
7.252224
2.296938
-0.657879
0.975301
2.906186
0.137472
2.106175
5.341868
0.770643
-2.534388
-1.172282
2.926284
0.371838
0.361968
0.325239
0.447381
-2.020972
-1.530732
3.178253
1.249494
0.898519
0.077889
0.297310
-0.266499
1.431867
3.495254
-1.453242
0.369068
0.444575
-0.208289
-0.468665
0.125954
-0.332854
0.851541
1.776373
1.486390
1.656225
0.693548
2.540812
1.490449
0.874366
0.607299
1.788574
2.852200
1.534520
2.331819
2.213156
0.917303
0.381155
2.267425
2.570146
0.830078
3.340456
2.490832
1.083613
0.873185
2.266158
2.949664
1.940372
4.645907
2.185176
1.085362
1.732549
2.141390
3.813878
4.893294
3.525396
1.992257
0.776587
2.793248
1.782730
0.665822
1.747278
1.819196
2.186663
1.744031
1.825533
1.835124
2.887585
2.926960
2.267365
1.869792
0.934658
0.752598
0.797826
0.975872
2.033915
1.303840
1.778256
0.462887
0.215607
0.758810
-1.210881
0.211160
-0.398299
2.192844
0.656686
0.981158
-1.554296
-1.058418
0.399001
-0.944312
2.409143
0.651027
1.380105
-0.115899
-0.646044
-0.523334
-1.854703
2.608741
1.169038
1.942879
1.771908
0.158517
0.427414
-0.137302
2.166208
3.134048
2.534699
1.964108
2.763281
3.027644
2.416356
2.487891
5.431218
2.173350
1.860959
0.927067
0.791139
1.397452
2.636964
2.815546
-0.622444
-0.846259
-3.359871
-3.667691
-1.292195
0.578803
2.824956
-1.176691
-3.742446
-5.342479
-5.786408
-5.146579
-1.979221
2.433222
-2.893957
-9.007961
-4.137330
-3.958866
-4.590764
-2.784510
2.189408
-2.223398
-6.875366
-5.008092
-5.334856
-5.266336
-2.288446
2.578472
-1.962199
-2.305445
-8.581509
-11.389837
-4.621287
0.033260
2.243449
-1.431273
-1.038095
-2.378788
-3.195695
-0.229401
0.212637
-1.583401
1.815337
0.462530
1.010731
0.921994
1.177062
-2.217470
2.335263
3.551149
3.328180
2.931598
1.145742
4.463555
1.705882
1.706171
3.091101
1.641497
-3.629155
-3.984079
-1.130062
-0.417318
1.055923
1.659939
-2.984938
-3.172871
-3.418212
-1.011472
-0.496706
0.267385
0.593187
-6.519101
-5.303884
-3.626545
-1.737497
0.675071
-0.127964
0.013144
-2.002371
-6.419467
-3.682770
-1.961668
-0.065880
-3.432977
0.062059
-1.562194
-3.963345
-3.815836
-2.294355
-4.829544
5.347915
1.658322
2.619444
2.525401
2.398010
3.077502
3.943370
1.585867
-1.919468
-3.060266
-2.127320
-1.112846
-3.327210
-1.144049
1.715232
-3.023880
-2.840667
-2.190884
-2.233803
-1.004094
-2.549553
1.448658
-2.477325
-2.396646
-4.375427
-3.930686
-3.188179
-3.328144
1.763118
-1.955650
-3.876825
-4.055457
-3.100026
-3.054009
-3.966846
2.006175
-1.395657
-2.304564
-0.332636
0.052817
-2.285463
-2.148458
3.980584
0.337989
-0.003822
-1.187577
-1.253614
-1.435299
1.404183
4.183486
2.671157
2.657393
2.890398
3.276594
2.737798
3.549090
3.369729
4.740613
5.039928
7.879479
8.980577
6.827837
5.132585
3.592248
4.950568
6.556761
7.723839
8.050066
7.841477
7.170854
3.734565
3.938605
6.664547
5.625054
4.816719
6.890549
7.441747
3.503281
4.489646
6.749080
7.872490
7.154305
8.064507
6.625284
3.544192
4.830392
4.952176
7.502110
5.996980
7.050677
5.151621
4.597520
4.490821
4.006001
4.429452
3.927767
4.874972
4.245884
-1.782681
-0.354628
0.526940
0.714173
1.723049
0.663297
-1.010811
0.830725
0.558089
0.911012
1.701433
0.652119
1.050901
-1.143342
2.641319
2.412852
2.209046
0.770726
0.233914
-0.552790
-1.147342
2.541836
2.310388
-0.913685
-0.123737
-0.188844
-3.133906
-2.334221
2.281006
1.638803
-2.633020
-1.713555
-0.074211
-2.928404
-1.330685
1.770337
0.615462
1.840079
0.878954
4.205816
1.563896
0.082695
-3.021192
-2.428835
-0.488144
0.785939
0.903848
-0.088420
-4.713818
-0.452215
-0.527441
-0.577023
-1.296989
-1.003410
-0.675728
-0.872247
-1.159467
0.221353
-0.959370
0.561086
1.510018
-0.014426
-0.153486
-0.044073
0.454141
-2.529980
-1.257684
-0.484891
0.388027
0.115341
-0.224528
1.595484
2.954029
-1.095896
-2.439385
0.790420
0.912743
-0.211005
-0.437460
1.219215
-0.048679
-0.684247
0.339067
-1.246514
-0.846713
0.423878
-0.776213
3.192822
5.502213
0.201437
-1.320350
-2.627633
-1.903547
-1.428103
0.078734
1.042629
-0.198627
-2.989062
-2.728132
-1.809497
-1.970507
-1.467513
-1.093711
-2.365004
-1.965686
-0.251730
2.816358
1.417119
2.456907
2.637290
2.787947
1.192850
0.431029
2.426854
1.437140
1.606773
1.924312
1.797348
0.601330
0.235132
1.037481
1.673655
0.000578
-0.448457
1.488712
0.591761
-0.125195
0.212964
-0.334914
-2.499529
-3.180397
-0.470559
0.173424
-1.019379
1.305840
-1.108583
-3.329573
-2.268444
-2.137824
-0.229213
0.270167
1.776430
0.214126
-2.988699
-2.869781
-1.390577
2.477801
0.675315
-1.654059
-1.355415
-0.734353
0.106065
-0.741105
-1.024863
-0.334438
-1.602638
-1.607396
1.278350
3.681658
1.026327
-0.225727
-0.252212
-0.559306
-0.465407
3.076460
4.430844
2.755641
-0.067173
-0.122615
-0.748281
0.091063
1.131631
1.190061
1.656198
-0.506204
-0.426377
-1.699579
-0.321028
2.264481
1.824448
1.389563
-0.947629
0.593933
-0.866925
-1.942925
-0.188210
1.039621
-1.286584
0.070800
2.865929
0.174703
-0.903342
-1.645086
-0.755042
0.205052
3.239274
1.222713
0.160562
-0.480778
-0.565555
-0.744880
-0.615750
1.178491
0.758912
0.462530
-1.530013
-1.964662
-2.639747
-2.268503
-0.192864
0.126737
-0.706563
-3.452636
-4.407885
-4.787232
-2.936904
-2.578299
-0.295091
-2.575950
-6.693326
-3.220928
-1.855095
-2.245728
-2.117832
-0.177085
-0.880660
-4.267331
-2.322420
-2.216473
-1.775661
-2.149107
0.407717
0.582333
-0.419855
1.569435
1.078425
0.311740
-1.003212
1.818951
1.054669
0.388883
1.786165
1.383837
0.909226
2.015386
-1.761258
3.499224
2.947464
2.835808
2.684691
3.026221
2.338824
4.110092
4.580709
3.899655
2.899041
2.614510
5.318904
6.835753
3.179063
4.097643
2.420767
0.357368
-0.466758
0.469152
5.208335
2.711347
3.206842
-0.332073
-0.804776
0.595903
0.630162
5.273083
2.701680
3.538742
3.363865
0.220771
-0.412497
3.249690
7.617651
3.193925
2.905778
4.904809
5.889014
5.380699
6.727060
6.333933
4.166389
5.926469
4.623662
6.120739
5.894938
5.946381
7.222190
-6.186298
5.611586
2.437615
3.826561
4.769489
3.742105
1.993416
6.301304
6.658210
4.915593
6.922376
7.334711
6.866852
6.205668
2.575474
4.042890
3.457068
3.120844
5.049975
6.146914
5.455967
3.529200
2.979613
2.192321
1.449704
1.811014
4.740200
5.558735
3.331825
3.655048
0.150374
2.246247
2.654315
2.242175
3.751935
3.430638
3.373482
1.687971
1.827893
1.967621
2.348491
2.883915
-0.992762
3.696562
1.567651
-0.124022
-1.018601
1.081870
3.162415
-0.019969
-2.151094
-1.657890
-2.186514
-2.449752
-1.836133
-1.392050
-1.470422
-2.117802
-1.680217
-2.497548
-2.433524
-2.269932
-3.458772
-1.074687
-1.042181
0.209203
-3.132108
-4.026125
-2.119692
-1.538499
-1.034013
0.157547
0.444045
-3.454429
-3.853968
-2.487011
-1.300043
-1.037106
0.548754
-1.096915
-5.283108
-5.444735
-3.668218
-1.196235
-0.950260
-0.691562
0.306588
-1.254783
-1.562744
-2.646395
-1.807431
0.079162
-2.431801
-1.483116
0.711970
1.174840
-0.913157
-0.109517
5.329999
0.779977
0.319229
-1.637185
-1.952173
0.442929
-0.584278
0.526380
-1.809437
-1.595915
1.141419
3.058532
-0.495863
-2.703658
1.352047
-1.914760
-0.565419
1.002629
0.323040
1.950528
-1.279081
0.944858
-0.951569
5.487648
1.279917
-1.000457
3.002060
-0.154237
0.726918
-0.737505
5.223002
2.366851
0.904706
4.820845
-1.967043
0.044773
-0.586379
-0.179077
5.745491
6.704983
4.121573
-3.228067
-2.628052
-4.314788
-4.669355
-2.333657
-2.482073
-3.807364
-7.812963
-1.451957
0.151973
-0.858112
-1.689897
-1.448486
-1.755527
-1.077497
1.128769
1.566603
0.439044
-1.102685
0.276129
-0.809070
0.544754
0.305720
0.928441
-1.524990
-3.858386
-3.105526
-2.852019
-0.746035
-0.288813
0.775539
-3.877994
-3.442269
-1.401409
-2.892713
-1.121486
-0.236800
0.262668
-4.074841
-5.310278
-3.753646
-5.003504
-1.052529
0.058137
1.780573
0.561375
-3.248373
-3.509065
-2.409310
0.375291
-0.809953
0.702719
0.024942
-0.175030
-0.058456
0.494195
-0.127424
1.845854
2.407610
2.778081
2.091293
0.439604
2.126009
-0.308413
1.976853
-2.903153
-4.187496
-2.846416
-4.913311
-5.955727
-4.190934
2.882807
-3.887732
-1.979741
2.251802
-0.167585
1.478886
-6.611704
1.926907
-5.822399
-1.283888
0.696218
-0.876209
0.695417
-6.111166
1.472379
-7.047665
-2.631406
-1.285317
-1.751717
1.116012
-6.566237
2.242447
-3.031935
-4.715326
0.157644
-2.026561
-1.833745
-3.683484
-1.318337
-1.177176
-2.644765
-6.270246
-6.986671
-3.777056
-5.859123
-4.772799
2.590034
0.590081
1.256363
1.634857
0.601903
-0.851308
1.720489
2.667418
0.545706
0.736842
3.131987
1.610011
1.652456
-0.820903
-0.547990
-2.267951
-1.425274
1.483760
1.695785
1.094619
-0.516745
-0.585909
-2.319463
0.263755
3.316529
1.216317
1.386304
-0.405638
-1.038313
-3.067062
-2.454808
1.427123
0.110089
0.911357
-0.113045
-0.161912
-0.974978
-1.353920
0.880516
-0.647996
1.151015
4.205255
5.394088
3.936221
6.299900
8.054235
4.996603
7.099340
7.170369
3.985960
2.731539
1.935480
1.811932
2.808455
3.434224
2.050166
-0.109114
-2.390593
-4.063961
-3.566939
-4.002815
-0.044041
3.106205
-1.363634
0.087819
-1.125107
-2.224964
-2.202487
-0.356862
2.722547
-0.897014
1.904916
2.375981
0.868232
-0.340037
-1.137794
2.643561
-0.390576
1.708732
0.567207
-0.271297
-0.011298
-0.626162
3.018982
1.076444
0.846629
-4.096908
-2.605080
-1.737948
0.285525
2.127764
0.241120
0.009407
-3.571978
-3.224979
-1.037151
3.222852
6.798015
0.601161
4.385487
3.189605
3.074806
3.597898
1.792012
-0.502588
-4.440807
-0.676899
-2.524283
-6.918944
-2.626322
-3.171791
2.286246
-3.885811
-0.357409
1.490689
1.277557
2.143134
-2.933105
1.302654
-3.975336
2.316705
2.523753
2.047301
2.383953
-3.948519
1.575753
-4.779952
1.111523
0.399829
0.184122
0.256415
-3.381660
2.334308
-4.396500
-0.330993
-3.133869
-3.699432
-1.268226
-1.951196
-0.984701
-2.516236
-0.294531
-2.252841
-2.475438
-1.376207
-4.741772
-3.301624
0.759062
-0.807771
-1.352196
-1.061176
-1.213274
-1.267628
-0.030125
3.204177
1.425097
1.548615
3.606085
1.975782
0.642536
-1.654032
1.720024
-1.021645
-0.631706
1.027641
0.993510
1.809725
-1.219609
1.931821
1.227112
-2.600924
-3.427149
0.611470
2.185982
-1.393182
2.741309
1.620880
0.640973
-0.863136
1.341963
1.567673
-2.157345
1.871807
-0.267141
1.371109
4.292194
0.700970
-0.446184
0.469350
0.967336
-0.810619
-2.236732
-2.362658
-2.046506
4.565466
2.018593
-0.850193
-0.622529
-1.943154
-1.981290
-1.376399
0.755870
-1.659995
-2.002638
-2.253622
-4.139274
-4.177753
-4.878882
-2.196695
1.137769
-2.213198
-2.342536
-1.649057
-3.405690
-3.364652
-4.162156
0.661837
-2.133794
1.533417
-1.363568
-1.784883
0.141100
-2.808875
0.915171
-3.825453
0.990388
0.373001
-0.555702
0.793771
-2.318502
0.635058
-4.003366
-1.849730
-0.907681
-1.698949
-2.014050
-2.563450
-1.382769
-2.674634
-2.120459
-3.594323
-3.288704
-1.896172
-2.036987
-2.599892
-1.124078
-0.389969
0.963212
1.494279
0.299644
-0.149627
0.428737
1.871903
2.065847
0.475655
-1.452419
2.710933
1.832063
1.084105
1.980415
1.785691
0.310293
-0.087951
1.500381
1.618658
1.412199
2.804121
0.943377
0.623504
0.492489
0.946954
2.278208
1.587943
3.652821
0.676330
1.114709
1.570849
1.664748
2.975637
0.779754
3.956111
4.356118
-1.568433
-1.254077
2.390040
3.678354
-1.061576
0.196961
0.916125
-0.306156
0.008815
1.576340
1.590740
0.720025
1.288124
2.866127
3.957145
3.506681
3.600543
2.835201
0.820352
2.096386
3.920524
0.384936
-2.053647
3.054692
4.336795
2.813371
3.267383
4.035716
2.650267
-0.592484
2.604495
3.736689
2.863547
2.445760
2.739303
2.346703
1.022945
3.112041
1.947574
3.162003
2.579935
3.779830
2.531786
0.888428
4.293011
1.649420
2.635319
0.457260
1.325129
2.217691
-0.039592
2.041437
1.379087
-0.100018
0.061224
-0.011561
0.377496
-0.580574
0.554136
-1.338726
2.603718
-0.896163
-0.540906
0.469727
-0.228598
0.993908
3.994277
-0.906140
-4.050752
-3.870131
-3.249026
-5.413686
-2.276323
0.272308
1.097855
-3.194361
-0.728532
1.216266
-1.088949
1.708919
2.696259
0.017807
-3.718416
0.008196
-1.283525
-2.378033
0.814668
2.526714
-1.334006
-5.222801
0.967492
-3.753641
-3.612014
0.760053
-0.048864
-1.811256
-6.525493
-6.960553
-2.846254
-0.448179
-0.776753
-0.736566
2.475114
-2.778049
-4.803981
-8.751446
-9.519264
-4.884142
4.487113
0.741402
1.062315
0.988574
0.378876
0.427977
1.318663
-0.011584
1.967968
1.759748
1.534157
1.614947
0.813841
2.845682
1.892878
2.100270
1.017482
-1.731054
-1.627175
-1.985953
1.161660
2.392597
2.074283
1.703118
-0.838811
-0.495211
1.197771
1.133366
3.059614
1.845971
2.474309
1.180891
-0.082864
0.810204
1.127323
1.767310
2.510386
4.368585
2.819491
2.101768
4.073788
0.663427
1.699322
0.538685
1.655753
1.112596
1.419831
1.164689
0.935411
0.021667
1.861813
1.091915
2.025099
1.342205
1.130174
1.647635
1.653265
-0.326751
-2.614367
-1.626492
-1.314500
-2.096110
-3.227481
-2.092240
0.870636
-2.684393
-3.246583
-0.148226
-0.498196
-1.477453
-3.167308
0.122040
-2.628180
-0.786091
1.864856
3.098473
0.864702
-1.382223
0.226935
-1.328889
2.104197
1.282418
2.800191
-0.242907
-2.219573
0.277965
-1.421517
-1.047368
-0.256224
1.377194
-2.974037
-1.735619
0.449661
-1.007663
-0.017451
-0.358442
0.038605
-1.071127
0.318174
6.206448
0.277536
1.128864
0.499594
-0.044520
0.331548
1.763254
0.973288
-1.007581
-0.256055
-2.504282
-4.892806
-1.245309
-0.532601
1.575622
-1.047906
-1.243124
-1.776593
-2.393405
-1.495964
0.584573
1.841652
-2.577835
-3.682040
0.403500
0.147593
0.926112
1.019825
2.272341
-0.896566
-0.683944
-0.025198
-0.400216
1.939152
1.050054
1.826831
0.284455
0.505882
-0.050210
-0.663172
1.801456
0.341547
3.066183
0.060914
-0.276619
0.149392
0.106139
-0.361064
0.461193
