-2.230015
0.333606
1.495930
0.613668
0.519822
0.425066
-0.859039
0.521221
5.851116
-2.708450
-4.633458
-2.871316
-8.049816
0.714586
5.057304
-0.535525
-4.681252
0.823052
3.609371
-1.144554
-0.602988
4.596727
-1.059251
2.077835
5.331695
7.289218
2.187347
2.866612
4.545771
-1.786461
0.455939
2.747103
4.602201
-0.100364
2.094440
4.519067
0.768932
-6.770512
-2.760329
1.784257
-6.188815
-0.879736
2.779906
2.623104
-3.281643
-2.320842
-0.013051
-2.814035
1.650464
0.420823
2.292621
1.276255
1.814278
1.936864
1.305253
0.741619
1.303057
2.856142
3.554841
3.632529
2.518808
3.027558
2.695169
0.951320
3.853404
0.407384
0.308253
0.636986
0.040152
2.886934
1.698197
3.575777
-1.868236
0.911020
0.651482
-0.728058
2.054944
1.328822
4.502036
-0.399720
1.006556
1.811204
-0.876837
2.628569
0.781443
4.428139
2.528917
-0.164949
-0.821880
1.039409
2.104712
0.715001
3.601614
4.014495
4.372952
3.377328
3.005361
1.217255
4.841094
-1.895701
1.787066
1.541551
1.370846
1.936643
1.496825
-6.184075
-4.524263
-3.852756
-1.202906
0.781925
-1.040847
-4.198621
1.862949
-0.507164
3.339697
7.761665
8.654104
7.650762
0.310554
2.133338
0.698751
4.654692
3.785959
4.296316
3.849213
-0.679917
2.230063
-0.113458
1.412944
4.664793
6.256200
3.939211
-0.962587
1.423018
0.651359
-0.207661
5.181192
7.279591
1.633490
-1.476930
1.577966
-1.333900
-0.254036
0.058426
-0.853660
-0.724373
-0.461994
-2.799544
-1.047199
-1.759954
-2.459324
-3.350874
-2.794585
-0.732335
1.383803
-0.780784
-0.902246
1.789349
3.494356
3.579110
-1.301277
0.003505
-0.235064
2.885599
2.921237
1.467163
6.677107
0.974859
-0.238389
1.252393
3.487050
1.347732
1.231710
3.371344
2.099032
-0.301731
-0.592039
2.322091
0.833298
3.121924
3.717635
0.995873
-1.252010
-1.307961
1.398356
5.469743
4.495204
4.657020
-1.517784
-1.126352
-1.116330
-0.476167
1.032704
-0.231282
-0.943003
-3.043021
0.312254
3.846408
2.455002
0.178974
-1.381801
1.153375
0.004169
1.985441
-2.529349
-3.304322
-5.638646
-4.597245
-0.646681
1.091708
-1.059821
-2.993972
-1.464167
-4.548915
-4.913813
-1.207222
-1.098950
-1.508070
-3.278475
-3.593958
-6.704932
-9.221956
-3.994021
-1.538451
-1.378392
-1.735502
-0.878497
-4.556392
-4.450379
-2.292053
-2.482971
-1.196505
-2.061146
-0.447577
-2.275118
-2.564423
0.292850
-0.720142
-0.836048
0.949544
-2.341581
-2.088963
-1.116342
-0.627372
-5.211933
0.698103
0.124738
-1.830214
-1.991287
-2.550007
-1.767269
0.441889
1.070959
2.020668
-0.085954
2.562319
7.745423
2.879801
-0.516631
-0.407569
-0.063519
0.701962
4.463024
7.277448
3.789073
-1.878558
0.281243
-0.866502
3.588697
2.992666
1.472399
1.449289
-2.453380
-1.111389
-2.779426
-0.497319
1.979127
0.057361
-0.734170
-2.663607
-2.006059
-2.294582
-4.292140
-0.804637
-2.404876
-2.759865
-1.761338
-0.934381
-1.245255
-3.000479
-5.425169
-4.577932
-3.407739
-2.682233
-5.463958
-4.005685
-3.410596
-3.480064
-2.790855
-3.474168
-4.236754
-8.008641
-0.704334
-1.262465
-3.811649
-4.425298
-2.184722
-1.302766
-2.802016
-1.357740
-3.157598
-2.598409
-3.218509
-0.973732
0.291952
-3.740081
-2.506648
-0.989327
-3.491676
-2.806157
-1.471033
0.308800
-2.623277
-1.046735
1.747387
-2.578810
-1.636538
-0.455602
-0.491474
-2.564918
-1.025401
-5.875296
-4.703218
-1.459630
-1.474225
-0.876469
-2.891813
1.263094
-0.170403
-1.933119
-1.858986
-0.528579
0.239496
0.911035
-1.857510
-1.592268
-1.648769
-1.647777
-1.753664
-1.904208
-1.257989
-3.816590
-1.849638
-0.704169
0.158112
-2.237269
-4.530808
-1.561443
-2.776114
2.355391
1.039564
-0.946472
0.725487
-2.575767
-1.658678
-1.366783
5.095725
-0.787624
-2.457148
-0.021628
-1.399425
-1.381896
-2.710027
3.811830
1.127816
-0.210302
1.650155
-2.808961
-1.956669
-2.964802
0.066816
3.490380
4.771173
-0.276759
-3.933144
-2.132155
-3.349062
-2.895533
-2.251409
-0.768603
-3.496288
-3.387138
-2.307058
-2.264786
1.570123
0.438174
0.234664
-0.000852
0.787611
-0.876020
-0.959518
0.470538
-2.331127
-0.027076
1.502949
1.288305
2.148319
2.529757
2.447380
1.475628
2.642322
2.970712
3.797320
2.799472
2.431364
2.046164
2.248630
-0.418088
3.869516
3.838532
2.891591
3.456340
1.688116
3.303636
2.844769
3.637170
4.063410
3.372726
3.379214
3.622455
0.433470
-0.189560
4.216324
5.156857
2.574479
4.333821
2.279269
-1.086459
-1.706941
2.013204
0.330549
-7.189507
-3.354833
-4.965914
-4.294889
-4.687447
-4.764214
-6.500984
-5.448848
-4.835401
-6.026242
-2.305574
0.660292
-4.577430
-5.816919
-5.025133
-5.325572
-4.917228
-2.640912
-0.978578
-2.359636
-5.489892
-4.822228
-4.008108
-0.918687
-1.551381
-0.976272
-2.379937
-3.617513
-5.055851
-5.914082
-2.008250
-1.837632
-1.898361
-4.625365
-6.488436
-4.887493
-6.249754
-6.910604
-3.359564
0.337730
-6.030767
-8.008974
-6.030695
-3.643903
-3.547980
-2.491272
-1.463668
-3.559344
-3.859695
1.797993
-0.426391
-0.407804
0.805748
-0.225522
2.379631
1.219962
-5.196155
-6.563810
-5.087514
-2.926272
-1.805196
-3.580301
-5.020121
-3.402581
-4.027728
-2.985971
0.270996
2.177747
-1.645878
-4.061639
-4.035979
-3.117957
-2.473461
-1.611084
-0.717349
-1.804522
-3.312281
-3.190563
-2.643714
-2.018909
-2.800901
-2.191189
-1.075672
-3.120005
-2.593566
-3.966982
-0.024173
0.895496
-0.586594
0.903764
-2.212285
0.885404
-3.457033
-2.545528
-0.714558
-2.050240
-1.421173
-2.029826
1.768815
1.936364
0.394245
0.744116
1.100307
0.789271
-2.603822
1.100558
-3.912074
-2.531573
-0.145323
0.424628
0.406875
-2.844684
0.396090
-1.683688
-1.355390
-1.657674
-3.120957
1.882327
-3.825170
0.517653
-3.239729
-4.656660
-4.833216
-9.151785
-2.221642
-2.053996
-0.121709
-1.657687
-4.782859
-8.142241
-7.432324
-1.924482
-2.836434
-0.010527
-2.579494
-2.921557
-5.016655
-3.730018
-1.824032
-2.738055
-1.496397
-3.478863
-1.577981
-5.514613
-4.291039
-3.417420
-3.491915
-2.303290
-0.322173
-2.157058
-1.065883
-1.942359
-2.965095
-3.220887
1.850538
-1.457352
0.030680
0.896588
0.140863
-0.247016
1.713287
-0.623742
-1.753608
-0.399216
-0.575691
-0.542340
0.399379
1.491620
-0.293814
-0.161488
2.170294
-1.351985
-2.944003
-0.912762
0.339081
-0.117662
-0.236875
-1.834867
1.022235
-1.858226
-2.002788
-0.694131
0.040244
-0.075587
-1.854307
-0.258410
0.095273
-0.555180
0.915683
1.304804
0.823592
-0.744182
-2.194477
-1.962037
-1.359976
0.622615
2.524191
2.559614
4.781115
2.335571
2.912056
4.313208
7.973946
3.254822
2.716851
1.036865
-4.610190
-5.986034
-1.601213
4.742363
7.218768
1.000236
-1.186578
-1.243974
-1.107536
1.767249
0.263120
6.031719
-1.145445
-4.353984
1.209231
0.394966
2.365355
-2.904440
5.803770
3.209095
-2.804662
3.308840
1.088766
0.687561
-2.590668
7.889540
2.907876
2.239854
-5.076112
-5.926441
0.122035
2.611183
4.321944
0.509738
0.355081
-2.385221
-3.523355
0.342223
3.294303
21.045059
5.098752
8.847642
6.794165
4.873241
6.196849
10.291893
8.369397
1.100670
-2.704401
-1.285646
-1.606464
-3.653692
2.239570
11.895121
-0.422053
-0.584422
2.103576
0.090748
1.282625
0.454444
8.114444
-2.676166
-0.553313
2.899413
5.888286
0.747545
-0.197644
10.099409
-3.020156
-3.900577
-1.307373
2.380982
-0.991313
-0.982178
7.192276
-0.857886
-4.637488
-4.373446
-2.447967
-2.725308
1.751442
6.835947
-0.873791
-2.067680
-4.235583
-5.199392
-2.285079
-1.073822
11.631044
-0.125839
5.015773
3.287049
3.629224
3.604145
6.375106
0.357186
-0.294632
1.405013
0.560805
-1.040360
1.730060
4.679564
4.571157
-0.498353
2.628550
4.138690
3.766159
1.470887
0.280103
2.189602
-3.559753
-1.458551
1.281401
3.333170
0.733619
-1.731786
2.690420
-0.743253
2.935091
4.263635
4.871147
2.032873
0.584398
6.136432
0.219919
3.306255
0.891400
0.218679
1.243826
3.956089
8.730505
2.579611
3.838363
0.707161
0.813534
1.267472
3.776773
-0.971604
-2.540490
-1.591046
-0.197033
0.209681
-0.094493
-2.585952
-2.986298
-2.177823
-2.732814
-5.331379
-6.857444
-4.815413
-2.675593
-1.609259
-3.091688
-5.210532
-1.779309
-0.701268
-4.278088
-6.158574
-0.952014
-4.386438
-5.639071
-0.210595
-0.099603
-2.749427
-5.787724
-1.056481
-3.771585
-4.116185
-0.405755
-0.567930
-0.996412
-3.121321
-2.029715
-3.269886
-3.595640
-2.443082
0.511352
-3.427842
-3.792633
-2.955485
-5.021003
-4.392190
-2.505782
-2.302689
-4.304242
-4.048907
-2.971606
4.033827
2.919787
1.252362
0.485039
2.922989
1.171650
0.206474
5.406208
3.132209
0.306338
0.550892
-0.770127
1.392591
0.687839
1.023964
1.646431
-0.466463
-1.016151
-1.151441
-1.939962
-0.773252
0.924972
2.078850
3.488198
2.304170
3.054168
-0.792365
-0.868857
1.347075
-0.230946
-1.258022
-0.104628
-0.515526
-1.816597
1.925584
3.944430
2.491921
-1.056810
-1.122337
-0.699731
0.642307
-0.785288
3.069559
-1.124526
-5.101572
-7.039476
-1.229162
0.990769
5.516245
2.491504
4.808096
5.412999
4.890163
5.511131
6.119071
0.876092
-0.756048
-0.146353
-5.460504
-8.028204
-3.373988
1.393213
1.537310
-0.606928
-1.001117
-3.138936
-3.058942
-3.610569
0.433893
1.826504
-0.455794
-3.125671
-1.586266
-0.921304
-3.332930
-0.103593
1.762683
-0.271741
-2.809370
-2.819291
-2.224816
-3.085305
0.123940
1.681578
0.138998
-1.191158
-4.711565
-5.493929
-4.467134
-0.031629
3.787454
0.164980
0.180495
0.230990
1.070335
-0.545705
1.747702
-5.427577
1.513450
2.885880
1.474574
-0.353139
0.339854
1.156642
1.627009
1.802094
1.020842
0.521462
-0.101248
1.961323
2.567944
1.445835
1.588329
3.752378
2.449069
1.404892
3.601585
0.837935
2.075311
0.655496
3.679110
-0.312268
-0.342624
1.109212
1.363142
1.840513
1.587865
6.064479
-0.328548
-0.680760
2.459693
2.849815
2.490769
1.769155
2.828166
-0.904046
-1.943616
2.093937
2.297594
2.178822
4.200589
2.480726
0.896449
-0.977438
1.360643
0.610364
2.520126
3.328609
3.156381
2.805409
2.298587
3.183212
3.433354
3.509645
1.072236
0.248209
-3.825046
-4.458450
-1.874023
2.949838
3.826119
1.449202
-0.297674
-2.708106
-3.872485
-4.729489
-0.926391
4.637851
0.778177
0.322260
-0.931326
-1.679588
-1.364482
-1.380714
4.186646
1.991556
2.771186
0.884165
-0.092565
-0.051193
1.714415
4.126671
1.828768
1.402811
-4.968801
-4.673516
-1.040545
3.355535
2.234584
1.805500
1.986123
-0.376445
0.051570
1.359928
0.925483
-1.586551
0.154075
0.041447
1.247704
0.651079
1.017327
-0.238947
-0.324332
2.074319
1.348010
-1.381080
-1.970230
1.740090
5.283719
2.196054
2.450501
1.342808
0.938358
1.039855
0.967955
3.949889
3.203295
1.986396
0.052010
2.007934
2.554668
2.193337
2.918796
3.425119
3.289426
-0.144071
4.432663
5.482371
2.642736
4.003501
2.664446
2.370943
1.916108
0.800036
1.946899
2.131054
4.614794
0.857811
2.799407
0.155263
-1.055180
-1.386618
1.196390
1.639581
7.584922
0.330416
2.397056
2.389739
2.579688
2.144974
5.200191
1.326576
0.727686
1.292780
-0.240281
-2.738475
2.056064
2.069549
2.182988
1.528247
1.893854
-0.757058
-1.730383
-0.145455
2.484593
2.169251
1.865294
1.622517
0.345379
-0.939939
0.301543
1.940175
1.922144
0.764084
-0.207476
-1.789748
-0.332883
-1.260418
2.178451
1.461742
0.967103
3.159497
-0.982589
1.044506
0.853925
3.010070
5.108475
1.600265
1.431581
2.824756
2.651877
2.191216
5.427870
10.279435
0.188240
2.824047
1.506134
2.136068
0.903692
6.582093
2.779159
1.511874
-0.023693
0.442672
1.412934
-1.473021
2.324407
3.411654
0.741090
0.296315
2.439742
1.673265
0.333794
1.188581
2.924640
1.037363
-0.086914
1.381680
2.009560
0.252212
-1.279533
2.909701
0.666996
-1.259063
2.110040
1.011336
0.820082
-0.650376
2.105890
1.282107
1.425179
-2.103868
-5.544750
0.030664
0.811078
2.862643
-0.287692
1.091340
0.316355
-1.880401
0.567234
2.475986
-5.085237
-0.538168
-3.855930
-3.366652
-4.021579
-4.189123
-4.900453
-0.957208
-1.489277
-3.330955
-1.289640
-0.585187
-3.461628
-5.402859
-3.301580
-3.351855
-1.364055
-0.151042
-0.298023
0.054689
-3.172326
-3.992517
-3.411205
-1.844913
0.367284
2.349229
0.229980
-3.181162
-3.850287
-2.101204
-2.267506
2.115412
2.259192
-0.295495
-2.915218
-2.801641
-1.087025
-2.230575
-2.907461
-4.211727
-0.532639
-3.303834
-3.960243
-4.468239
-5.032715
-5.231596
-6.050433
-4.299368
-6.096676
-23.509253
0.796362
-8.276826
-7.868866
-8.121224
-7.816855
-14.616069
3.315196
-1.362581
-0.583532
-0.042911
-4.553015
-1.654625
0.365788
-8.662563
-0.926323
-2.018211
-0.274357
-2.920663
-3.565748
-1.138394
-4.736372
-1.881744
-2.502800
-2.612188
-4.359177
-5.114262
-0.644048
-6.277318
-1.548690
-1.187624
3.472543
-0.191258
-0.854298
-0.207601
-4.452861
-2.382060
-2.638744
-1.600368
-5.256878
-0.758088
-0.576115
-9.490412
0.219865
-0.978387
-0.602408
-1.788683
-1.451119
-4.954151
-5.471376
-2.725730
-1.167782
-0.657074
0.242229
-0.527436
-0.922611
-3.222540
-0.893167
-0.097874
0.530934
3.614080
0.588981
-3.239635
-1.932654
-1.536898
-1.404898
0.213593
3.555021
2.250107
-2.101102
-2.190899
0.453555
0.315587
1.404723
3.694548
1.497286
-1.823120
-2.034292
-0.511978
-0.110989
0.654753
2.874067
-1.245116
-3.500112
-2.208312
-0.345445
2.389008
3.170885
2.725734
0.200688
-1.742265
-0.231205
-0.081196
0.613094
0.891472
2.193983
0.768394
-0.526780
3.069280
-1.570593
0.968522
0.529975
0.715190
0.892311
1.878359
2.116574
-0.636194
-1.945226
-2.378870
-2.715603
-0.437117
-0.473005
2.472669
-2.803155
-2.161271
-5.285823
-4.135926
-1.292685
0.114048
2.242016
-4.103003
0.389388
-1.899234
-1.069885
-2.203731
-0.866789
2.714570
-4.512463
2.617457
-0.293166
-2.852064
-0.037952
-0.946128
2.414271
-1.581738
-2.424079
-0.253806
-0.231986
-1.756131
-1.576524
2.475970
-1.252804
-0.302734
-0.784658
-0.977985
-1.401227
0.132279
1.951380
0.018927
0.415038
0.566746
0.345432
0.899740
0.645121
-2.855947
-0.792318
-1.190821
-1.763470
-3.602922
-3.347635
-1.324129
2.084121
-0.927668
-3.216186
-2.264913
-2.327151
-1.393963
-2.424342
0.164436
-2.765703
-5.782632
-4.721710
-3.014122
-1.189543
-1.973273
0.685968
-0.124722
-4.891574
-3.697805
-2.202120
-1.867844
-1.407991
1.846453
0.296123
-1.774538
-5.059269
-5.557140
-2.095218
-0.383388
2.715927
0.057341
-1.081368
-4.434393
-7.311869
-1.732574
-0.761754
14.138315
2.068745
3.884091
4.963653
5.734395
5.273706
4.249373
4.328304
-1.876041
-1.880004
-0.552050
-0.452469
0.665250
0.879349
2.765121
-0.853514
-2.162345
-3.203963
-3.160624
-5.386141
1.353280
2.742144
-0.931015
-0.725546
-4.730460
-4.225028
-5.064637
-1.000603
2.380213
-0.369553
-3.394121
-6.256916
-3.525029
-4.128346
1.200478
1.704576
-2.059309
-1.220439
-5.090466
-3.711982
-2.301996
1.135231
4.521913
-0.543817
-1.322585
2.016912
2.311101
0.041615
0.442347
4.168354
0.596332
0.105931
0.511590
-0.004342
0.011026
-0.042848
0.963035
-0.835949
-2.681687
-5.004985
-6.713945
-3.256604
-1.295878
-1.232630
-1.564956
-3.713949
-3.478480
-4.305658
-3.712960
-2.465220
-0.710229
-2.379019
-4.013710
-2.454756
-3.067359
-3.216892
-1.466897
-1.133232
-2.740092
-2.848115
-2.427491
-4.092623
-1.659134
-1.456789
-1.031922
-1.750332
-1.581005
0.304169
-0.900058
-0.655452
-2.695923
-1.220158
-1.720877
-3.452941
0.078656
0.450839
-2.978100
-2.650046
3.227112
-3.143850
-1.361819
-3.046508
-3.935698
-3.720895
-0.437827
-0.169475
0.186739
0.734611
6.722310
10.778869
2.892195
-1.928260
1.175845
0.408316
3.722893
6.679230
9.040795
4.364416
1.744508
0.664644
4.291246
4.842494
2.993478
3.970236
2.789525
3.346857
0.462835
1.945968
4.537033
3.291973
3.217739
3.172821
2.661778
-1.233449
0.472892
5.095282
10.945276
8.530875
4.942917
-0.654090
1.538585
-4.671792
-1.370976
4.359483
4.358836
-0.035895
-0.171210
-3.377291
1.038348
1.677593
3.040472
3.387173
1.126292
1.844876
-1.346004
-0.206554
0.604286
-0.138299
2.086120
0.672419
-0.434772
-1.191221
1.414842
0.570187
-4.049131
-3.236693
-0.540375
-0.056925
-1.034081
2.132709
-1.464409
-2.777781
-3.522728
-0.899583
-0.074619
-1.431050
1.092828
-0.081077
-2.891144
-4.242981
-2.148123
-0.334020
-0.361736
0.709623
1.950422
-1.720700
-2.250602
0.435077
-0.348701
0.525435
0.900333
0.526198
1.239443
0.444031
0.902487
2.169303
1.804092
-1.037718
0.231992
0.663669
1.022284
0.936956
1.045871
2.100038
-1.913738
-3.435376
-1.082017
0.697845
-3.637334
-0.667346
1.680815
-2.441782
-4.326501
-0.011046
2.940419
-3.491575
-1.553829
1.812218
-0.904300
-4.267325
-0.804012
-0.223586
-2.301497
-0.584714
1.617311
0.435491
-5.112824
-3.570500
-2.492352
-4.880589
-1.099367
2.975063
1.608783
-0.498852
-2.672052
-3.209670
-2.761803
0.349493
0.864094
0.507663
-0.538645
0.073724
-1.496551
-0.672664
0.834228
15.342068
-0.094939
11.233909
9.179317
7.247102
8.620247
11.966877
-1.657264
0.186791
-1.598204
-4.369143
-4.480197
-5.613208
-1.293460
10.280504
-2.066658
-0.024374
-1.963913
-4.407077
1.551490
-1.908934
4.818015
-3.360456
-3.460217
-4.535085
-1.149891
-0.157071
-0.518906
5.973113
-3.966368
-1.630976
-8.187214
-5.848856
0.433702
-3.495366
6.761392
-0.485831
0.019195
-1.664810
-1.129186
3.214080
-1.064245
10.575832
1.317131
1.013098
-0.699520
-0.660230
0.604814
-1.223752
-0.036379
-2.795527
-0.154493
-1.574646
-2.543995
-1.337242
-2.597417
-2.521409
-5.128737
-5.084094
-4.721022
-4.468787
-4.100309
-4.069800
-1.389532
-4.816633
-2.001764
0.007176
-2.075267
-1.572565
-3.930002
-1.413782
-5.588474
-1.722715
-0.062622
-0.927719
-0.140839
-3.478254
-1.807024
-5.084903
-1.153258
0.175221
-0.105900
0.905638
-4.140336
-2.570652
-5.538826
-4.065193
-3.770796
-2.060415
-2.993241
-4.639571
-3.050602
-5.184729
-2.328539
-3.917189
-3.339367
-3.897503
-3.883522
2.581854
-0.380811
0.649022
-0.469882
-0.862499
-1.307045
1.134720
-0.588011
0.768722
1.185471
1.258613
-0.546073
-0.423642
0.647806
-0.776381
1.552133
1.492956
-1.233726
-3.189322
-3.408079
1.868385
-0.679859
1.697183
1.656542
-1.892274
-3.733932
-2.555799
2.283690
-0.212184
1.549095
4.987434
0.051926
-3.378156
-0.244821
4.562652
-1.068916
-0.645050
2.960691
0.927074
1.218811
1.432844
1.998764
1.537219
2.177753
3.080716
2.211099
2.455315
0.817762
3.583813
0.211527
1.221210
1.543456
1.611406
1.057493
1.849293
0.300388
-0.060121
2.447166
1.329907
0.890919
-0.603042
2.692326
0.753939
1.519757
1.847794
2.446292
3.723447
1.397522
3.348258
1.474762
1.514171
0.006776
-1.098521
4.281179
2.191931
3.686730
0.920406
0.990856
0.513770
0.468347
3.860709
2.431301
3.605727
0.364275
1.056086
0.790918
2.535952
1.258925
-0.413849
3.675256
0.333267
-1.289918
-0.216265
0.352165
0.760834
-0.897197
0.218230
-2.403215
-2.855337
-0.624529
-5.236855
-3.579482
-3.144285
-3.000339
-5.322593
-3.709939
-1.546583
-3.340569
-2.241267
-2.838296
-3.510939
-5.121156
-6.690747
-4.600207
-8.009069
-4.026723
-1.663254
-7.943442
-8.558621
-5.845286
-6.095886
-7.407403
-5.636455
-4.063116
-7.746801
-8.277439
-6.699612
-5.536808
-5.937317
-1.225015
-2.269763
-7.510967
-8.397556
-5.787394
-3.767665
-0.995494
0.123267
-1.670535
-5.185565
-7.763770
-6.473273
-7.650039
-5.476009
-2.282733
-2.789122
-6.180026
-5.596820
5.864285
0.676072
3.325862
3.302856
4.014940
3.951512
4.173903
-1.926859
-1.256098
-1.723590
-5.489319
-6.661586
-1.344890
-1.006741
1.436067
-1.170657
1.145382
-2.671164
-4.627429
-0.563291
-1.215855
1.067421
-1.196779
0.711545
0.268550
-0.443277
0.172104
-1.050004
1.285990
-1.535421
2.616922
3.105347
1.239081
1.293794
0.393122
0.791971
-2.603891
-1.054805
-2.155782
-2.445976
0.124095
0.567966
2.963408
-1.135350
-1.059835
-2.174710
-0.836529
0.623026
2.565103
-9.587242
0.996512
0.617125
1.537945
0.630980
2.122178
-1.285426
0.048333
-3.154768
-2.024889
-0.439897
-1.184238
-1.263799
0.562624
-0.425526
-1.329965
0.373564
2.975659
1.297593
-2.070389
-1.457900
0.259618
-0.091961
1.420827
1.504258
-0.897945
0.428491
-0.958121
0.199308
-2.497244
-1.655393
2.112772
1.086445
-0.768959
-1.686041
1.223136
0.580440
-1.421077
-0.807218
-1.355313
-1.908826
-0.873536
-1.062420
-0.845266
0.214522
-0.660944
-1.737246
-1.073471
-3.542380
10.938424
3.339123
2.250770
3.491121
2.581134
2.966365
3.594170
1.470384
-4.504264
-4.131255
1.848901
0.403964
-2.360043
-3.461069
0.900992
-4.044549
-4.777573
-2.972784
-2.004941
-5.218638
-3.085876
0.984705
-2.362655
-4.906990
0.257225
3.064645
-2.589623
-1.765681
0.432149
-1.728660
-7.306677
-0.717983
1.704580
-4.887113
-1.171375
-0.198342
-2.750487
-1.568275
-1.815890
-0.468729
-4.029810
-1.658164
-0.850868
-4.059727
-3.931604
-2.295349
-2.880621
-4.660141
-3.844901
-1.583177
2.039749
2.673523
2.312870
2.882099
2.654183
1.674650
-0.244037
-0.909325
1.297101
-2.625531
-5.823915
0.662732
1.568854
0.046145
0.341570
-2.256238
-3.700243
-2.904478
-2.815321
0.893360
0.157275
0.262468
-2.121330
-2.428139
-0.684401
-0.834856
-0.004011
0.397967
3.070350
-1.303269
-2.985075
0.247247
-1.307373
0.685723
2.070701
2.569872
1.459277
-4.718063
-6.224748
0.449865
3.770192
0.387441
1.721456
2.442366
2.340776
1.900918
4.225398
2.009536
-3.678740
-2.387274
-2.268549
-2.152155
-2.585177
-2.484629
-3.236067
-1.976481
-1.420137
-3.056104
-3.186346
-3.295277
-4.122295
-3.456212
-1.432023
-3.197928
-2.187045
-4.964767
-5.577314
-4.460453
-2.301789
-1.022322
-3.000623
-0.826244
-3.737899
-2.725094
-4.375033
-1.902341
-0.887362
-2.818612
-1.398929
-2.733171
-3.653852
-3.837270
-2.226765
-1.919740
-2.127697
-1.411346
-1.458600
-4.464201
-3.029571
-2.010876
-2.787437
-2.477634
-1.864037
-1.183525
-1.126481
-1.053831
-1.924965
13.519411
-1.518629
8.802471
4.226448
2.409111
5.618108
8.914019
-1.743618
0.925296
2.813060
-1.895380
-2.389690
-0.183416
0.099063
7.685217
3.068800
3.848785
1.805850
3.580780
1.688240
0.139038
7.098418
2.480781
2.793851
4.192216
5.484180
4.672625
0.703300
6.852954
2.410579
4.330964
2.514737
3.553514
2.212245
0.344586
8.424488
5.594019
3.342937
3.217369
3.585802
3.339917
3.737975
5.438914
0.353555
1.254356
-1.008679
-0.941532
-0.105382
-0.930767
-15.640943
1.576447
-6.766982
-6.488899
-4.859577
-6.375940
-13.301677
4.010192
1.637752
-2.307036
-1.501837
-2.557526
0.567587
0.810830
-4.690367
-0.385663
-5.586659
-2.440528
-1.088251
-2.203089
-2.456397
-1.454691
0.993808
-1.823495
2.085922
-3.302206
1.682215
-0.641628
-2.908052
1.724292
-2.174390
2.318389
-2.782220
-0.257591
1.894380
-2.320795
-1.007514
-3.157614
-5.925849
-8.225388
-3.938226
0.323048
-10.636938
-0.421608
-3.796025
-0.602942
-0.006985
1.337650
-5.366330
-6.304418
0.186325
-5.060629
-3.615705
-5.511835
-4.469059
-0.341560
3.802457
-2.271674
-2.105527
-1.625032
0.311000
-3.611940
0.742653
-1.741000
-3.074908
-1.644247
5.224555
6.629763
-0.411629
0.024367
-0.080053
-1.822527
1.054590
1.052407
-1.484384
-1.130692
2.402604
-0.401424
-3.125317
-0.374554
3.253772
0.823686
-0.647440
0.997107
0.004844
-2.664810
-4.229087
-0.879404
-3.599684
-4.030141
1.194820
-0.458949
0.742239
-0.597860
-2.401728
-2.918449
-2.631685
2.756187
-0.170378
-1.419589
0.637545
-0.389922
-0.628776
-1.232189
0.850358
-5.994641
0.251463
0.561334
-0.747986
-0.174386
-1.215740
0.253531
-0.925461
-0.159058
-0.552655
-1.829114
-0.256886
0.283521
1.107734
-2.866833
-0.765805
-3.591514
-5.971736
-4.864759
-1.404948
-0.244804
-1.951292
1.691457
-0.125800
-4.206478
-2.880320
0.747461
1.815918
-2.275649
1.060031
2.380287
0.287921
-1.222496
2.818996
0.569841
-1.806659
-0.045399
0.399902
-0.593794
-1.250117
-0.184997
-2.463692
-3.308251
1.012350
-1.450598
0.171910
0.676586
0.162695
-4.503102
1.933342
3.871512
2.354774
0.675832
-1.585657
4.153448
0.703290
-0.246081
1.432366
2.125992
0.131586
-2.149092
0.690980
-0.539454
0.105758
0.551599
1.686440
1.026944
-0.909085
-0.295682
-0.957617
0.204328
1.950962
3.229489
2.995411
0.955204
1.676225
1.389456
0.507351
2.897494
3.829402
2.253183
-1.081684
3.982461
0.855325
-2.365595
1.033177
-0.220492
0.570766
-0.093366
1.058522
-2.973085
-9.724679
-0.149358
-12.809297
-10.027060
-8.669935
-9.524506
-12.573457
3.870647
-1.966061
-2.192239
-1.991039
0.240980
-2.002637
-2.768289
-12.343473
-2.724824
0.702522
2.478813
5.114643
-0.040104
-0.301239
-7.461787
-3.001933
1.719893
-0.854619
-0.253870
-2.749611
-0.141821
-8.518337
-3.617345
-0.191437
0.611006
-0.555424
-0.590366
0.973807
-7.664137
-3.584674
-6.188244
-1.534764
-2.957177
-2.050579
-3.196095
-8.036453
-0.220407
-3.166901
-3.404220
-3.809621
-3.416700
-1.888476
6.819147
-0.034055
0.846386
-0.937950
-2.020350
1.007599
0.626537
-0.297181
-4.190966
-4.332317
-2.281113
0.369720
-1.862655
-3.861753
1.559618
-7.421723
-1.873778
1.783048
4.158095
0.485071
-3.353371
1.092263
-6.631549
1.830996
-2.251252
1.093503
-0.207396
-3.424499
0.561835
-7.547556
-0.590862
-1.168587
-0.630549
-0.525267
-4.126342
-0.838618
-7.445888
-3.738012
-0.286326
-0.235230
-0.930276
-4.473797
1.994548
-4.141368
-4.062302
-3.065262
-2.075698
-1.350159
-3.228737
-4.304366
0.526107
-2.349149
-3.722054
-4.999225
-3.790194
-2.282217
0.869548
1.906606
1.817444
2.934014
1.690650
2.060225
2.605629
0.914093
0.416135
-0.945554
-1.846434
-3.074103
2.741999
4.168627
0.316598
-1.567313
0.782103
-2.388520
-3.785030
0.485408
3.694371
0.511720
-0.315897
6.489367
3.563601
-0.656449
2.199901
4.089362
0.865010
-0.903727
0.294533
3.309167
0.405988
2.505240
3.904993
-3.288202
0.989924
0.337541
-0.972035
-2.035467
-0.638996
-1.212765
3.535915
1.675618
0.034621
0.714331
0.588317
2.147621
0.535006
-0.968453
0.337784
2.139887
2.822339
2.923414
2.087907
-0.947513
-1.339612
-1.498030
-3.088581
1.541508
5.332547
-1.051714
-0.609125
-3.590195
-2.216565
-2.527713
2.717860
3.684649
-0.888216
-1.058007
-4.364650
-1.541013
-1.402246
1.758250
3.059906
-1.327999
-1.440933
-1.667849
-2.044198
-0.983119
1.435003
0.407134
-1.273366
0.401081
-1.859836
-2.261602
-2.312929
1.836357
1.739805
0.193295
-1.785751
5.328517
0.057660
3.938640
2.841723
2.694164
2.775550
2.975487
1.386299
-0.548430
2.336700
1.548545
0.631076
3.177854
2.139446
3.340922
0.120393
5.962333
3.190493
2.604981
2.697171
3.496532
2.334727
1.075406
0.366086
0.327805
-1.778363
-0.168566
2.183880
2.475489
2.373675
1.414153
-0.760715
-1.369669
0.336168
4.209914
4.008745
-0.096419
2.440766
1.527206
3.412322
2.663033
3.498397
5.418826
1.836300
0.742193
0.557797
1.829554
0.702972
1.080723
10.804585
-0.631427
2.293952
-0.126224
-0.804469
0.650341
1.835153
-4.173615
0.152932
-1.606349
-6.775498
-5.536139
-4.859970
-4.856777
-0.514522
-2.995325
-2.429238
-0.103089
4.149138
-2.513192
-4.332759
-2.232902
-2.108310
-0.039053
3.012016
2.523335
-0.715836
-3.474888
-1.686751
-3.180315
0.297059
0.132385
1.334089
-2.486451
-2.649259
-0.830357
-1.774795
-4.701871
-2.852453
2.746186
-3.834779
-4.268920
2.018732
-3.006807
-5.211088
-5.927362
-1.553924
-5.983273
-4.081220
3.563677
-2.286647
0.815493
1.482689
1.534904
-0.325650
-1.739086
-1.730883
-2.205440
-0.653360
-1.950886
-1.965159
-2.241653
-0.507665
-1.722910
-0.594931
-1.967905
-6.299955
-8.139814
-8.704567
-2.215558
-1.368696
0.315788
-1.788813
-0.273268
-0.031612
-5.278278
-1.661574
-0.732196
1.138170
-0.450559
1.344208
2.549876
-3.237162
0.414694
-0.958896
0.378687
4.272460
4.539704
5.372114
0.627229
0.270621
-2.159428
-1.377526
-0.049620
4.207699
2.744433
-0.195302
-5.387248
16.128899
-0.359872
0.831760
-0.623400
-0.707615
0.140648
3.580082
-1.310185
-2.254594
-0.777200
2.141645
1.468637
-0.199156
-1.540265
1.223412
-1.366939
-0.947396
0.707872
0.206705
-0.462885
-2.330305
0.146043
-2.262771
-3.502336
-1.114625
0.514147
-2.331011
-4.065771
0.078173
-1.063048
-2.903040
-3.197388
0.044083
-0.397485
-0.971139
0.894834
0.400064
3.319203
3.310008
2.217877
3.671865
0.417929
2.514961
-3.356983
-1.454697
-0.656650
-1.106313
-0.074916
-1.307425
-2.139947
1.517525
-0.544487
-0.755363
-1.050112
-0.279723
-1.067516
-0.906248
-0.989644
-2.468808
-2.475103
-1.003327
-4.178390
-2.183901
-2.080639
-3.214417
-2.129806
-3.181283
-2.328541
-2.508443
-2.446808
-2.049293
-1.228203
4.684654
-0.350438
0.117225
-0.368036
-2.132550
-1.728079
-2.581999
5.460396
2.268653
1.844711
2.248122
-1.922458
-1.595124
-2.233031
-0.138248
3.033278
1.981706
-0.200077
-3.154789
-3.191875
-2.798397
-4.628849
-3.344299
-2.753697
-3.980810
-4.085350
-19.297514
-0.023961
-6.306397
-3.742584
-2.597986
-3.337469
-6.402617
3.579689
1.492478
0.453097
5.285196
7.753769
4.455717
3.434317
-6.606577
0.075597
-1.730279
-2.267915
-1.521805
-1.745818
-0.037551
-3.440644
0.092672
-2.590951
-3.369941
-3.942035
-2.633494
-0.949027
-4.226732
0.146443
0.895156
-2.232195
-1.670799
1.490029
1.446760
-2.815354
-0.704327
0.617525
0.837953
-0.618156
1.994381
1.377547
-5.450353
1.841042
-1.665377
0.859898
0.472142
0.697175
2.251552
-1.974488
-3.596340
4.582731
2.237126
2.220972
2.660435
2.371574
-5.525814
0.060504
2.209778
0.177015
-0.843583
1.163658
0.136567
2.809983
-0.434836
1.000118
0.832896
2.921829
-0.408715
2.538988
1.368860
3.007663
1.911445
0.511171
4.306330
1.157149
2.984837
1.459036
1.073685
2.493922
-1.280282
1.683899
2.067611
3.198353
0.256098
-1.934786
0.186787
0.653390
2.203907
0.765896
0.271021
0.652494
-3.385531
-0.885478
4.507694
5.144102
1.990999
-1.452216
-4.024015
1.411757
-1.677674
-0.587165
0.249316
-1.283002
-4.498816
-0.486468
-0.625915
-0.806765
3.607963
8.109892
-0.555293
-2.313770
-2.873672
0.083283
-0.614343
0.458658
2.701253
-0.834861
0.380037
-1.598798
0.117844
-1.481034
-0.392155
0.722457
-1.907053
0.138271
-3.001277
0.801268
0.105138
-1.344261
-1.125362
-1.176131
-0.917565
-3.027175
0.310823
5.892383
5.919567
4.132614
2.316246
-2.074845
-3.961140
-0.189425
0.021674
3.833837
5.193916
-0.315219
-2.143459
-3.992054
0.426909
-0.584927
-0.964429
0.128610
0.058695
-1.612391
-0.679479
2.230907
2.104379
-0.361264
0.312890
0.752628
0.410702
-2.143841
1.861737
1.706512
-1.127660
-1.032012
-1.317443
-0.023377
-2.111299
3.689764
4.056282
1.736223
0.684199
1.321158
1.034292
-1.734133
5.045177
2.966600
0.546275
2.377262
-0.585744
0.634324
-1.376935
2.560922
0.090121
-4.398239
-2.633643
-2.562355
0.622586
-1.721362
1.173815
0.037639
-1.628435
-1.083485
-0.303312
0.128245
3.537813
2.189159
1.550424
1.604733
2.357004
2.630047
-0.603962
0.897183
0.988571
2.053176
1.815442
0.404672
4.685948
0.940655
0.287015
2.852239
2.737912
-3.326426
-6.437769
1.180395
3.788848
-0.910463
0.902996
-0.502023
-9.084623
-12.108507
-0.855035
0.556079
-0.294598
2.272760
1.117192
-5.118358
-8.371683
0.947585
2.903123
-0.111392
1.943016
5.718797
0.303913
-1.710984
5.033629
2.891018
-1.023520
-1.681012
-1.853519
-1.098152
-2.273066
-1.510574
-5.641570
1.748960
0.441595
1.263562
1.590990
1.975685
1.183598
1.157846
1.330561
0.407089
-1.425128
-5.165832
-5.450962
-2.192437
-0.425932
1.254317
-1.160609
-0.032472
-0.290406
-2.191269
0.431803
1.277470
1.591628
-3.509468
-0.158649
3.750557
1.897178
2.261077
0.878372
1.529685
-2.047132
1.467853
4.139299
1.359930
3.593833
-0.178985
1.124471
-0.874543
-0.816647
1.678825
0.197869
0.123272
-1.243067
1.748328
-0.443951
-0.550497
0.390872
0.902984
-0.681679
0.945131
-3.819641
0.568286
-0.858933
-1.491443
-2.160393
-1.253925
-0.043558
1.217686
0.075617
-0.123223
2.425948
0.161803
1.217304
0.430506
-1.074997
0.881531
-0.825771
-0.865006
-4.347477
-0.196134
-2.476342
-0.343542
0.675757
-2.982188
-2.084637
-1.584779
-1.279184
-2.148935
0.747272
1.319656
-1.171654
0.012750
-0.724659
1.217991
-0.623839
1.536276
3.560517
1.428505
-2.039996
-4.031374
1.121197
1.662469
-0.816968
4.004816
3.544163
1.967987
0.698652
3.193722
1.527861
-3.470440
-0.740565
-0.264767
1.627373
3.279825
1.257684
-2.906793
-1.825322
-3.278259
-2.843603
-3.064190
-2.995700
-0.958163
-1.438648
-2.253862
-2.572816
-0.329447
-1.933712
-1.485406
-2.199188
0.134841
-0.953455
-0.084191
2.488503
5.811043
3.506669
1.553061
0.216311
-0.875649
-1.753818
4.692980
8.632195
6.648896
4.362866
1.447199
-1.677382
-3.130931
-0.744026
2.799974
3.334904
0.644635
-1.230966
0.404802
2.474056
1.346423
2.970400
3.387004
2.935284
4.076676
-17.973211
-2.057454
-8.342485
-6.062756
-4.850699
-6.706210
-12.692064
-3.532351
0.494651
1.918257
-0.887184
-1.408682
4.391905
-0.832924
-6.668422
2.667450
-0.637941
-1.381822
-0.400415
1.704893
-3.218671
-4.927412
3.103023
0.209189
-0.039257
-2.781344
2.369051
-1.695686
-5.710651
2.441902
-0.430444
2.293227
-0.536390
1.059168
-2.547899
-5.029917
1.580910
-2.110666
-4.116285
-5.170298
-1.133150
-1.679942
-8.618856
0.135293
-3.315997
-2.637466
-1.442771
0.030941
-4.581773
1.619177
1.571069
-0.672081
-0.947158
-1.320180
-0.947358
-1.214908
3.036042
-3.849321
-2.883119
-0.736219
0.951044
-3.369753
-1.302685
2.229703
-2.364257
-1.811990
3.216175
3.723060
0.685487
1.472723
3.141125
-1.518778
0.350460
0.896137
0.253307
-0.606642
-0.088346
2.980014
-2.536829
-4.979776
1.050169
1.413268
-3.036390
-1.766517
2.146348
-2.401464
-3.661807
-0.415506
-0.002051
-3.965736
0.082232
-1.584345
-0.091501
0.286460
-0.333271
-2.444374
-0.597800
-3.109426
4.468878
-0.304113
0.253199
0.858346
1.783446
0.510486
1.455908
-0.478181
-1.376342
-0.494774
-2.756360
-2.639242
-1.354650
-0.221525
0.293054
-0.964767
-2.396259
-2.150800
-1.324354
-0.240951
1.424054
-0.089608
-0.472189
-3.697840
-0.128754
2.957383
-1.543378
1.205113
-0.643651
0.501833
-1.362675
-2.534381
1.067207
-1.240904
-0.573714
-1.353860
-0.863986
-0.148298
-0.032699
2.023411
-0.377992
0.307872
1.784554
0.555464
2.345152
2.846394
3.131160
1.865228
2.552297
-2.938208
6.266749
5.887166
6.963262
8.544212
6.027812
6.942221
-2.351536
2.324240
-2.219107
1.574911
4.002386
-0.529676
-3.005990
-1.791381
-3.268403
-2.772591
2.370175
6.247873
0.639391
-4.802895
-1.539732
-2.903628
-0.451957
-0.367384
5.312106
1.143818
-5.814926
-0.033641
-3.974401
-4.055704
-1.195309
7.106563
0.224031
-7.689492
0.066321
0.719558
-2.950942
3.080738
8.601370
-0.630699
-5.991696
5.754153
6.621885
6.446608
7.261623
7.980927
7.090547
7.833433
-3.726355
-3.193999
-5.645562
-3.377606
-0.749876
-2.458121
-3.154306
3.588126
-7.129979
-5.344054
-1.746698
-0.266287
-0.119808
-1.865085
-2.485371
-5.652699
-3.696765
-4.214762
-2.358338
-0.005256
3.756736
-0.603074
-4.229984
-1.962080
-4.950021
-2.284316
-0.254168
2.797195
-1.633223
-4.648985
-2.466469
-2.150687
0.602018
3.422132
4.365077
-2.871732
-5.899325
-2.212703
0.697999
2.995598
1.194459
2.215745
-3.043967
-4.016494
-2.871596
-0.490854
1.494926
-1.608269
2.860219
0.786330
-1.598525
-2.367107
-1.923116
-2.394882
-2.053772
-2.487624
-0.697594
-3.555254
-3.164805
-2.357875
-3.440335
-2.567473
-4.372210
-0.303868
-3.681529
-2.730579
-1.749388
-3.254153
-4.376385
-5.156959
-0.380770
-5.209196
-2.260930
-3.530231
-2.548182
-3.539585
-5.256352
-0.269247
-4.902011
0.239892
-1.401284
-2.418605
-1.906675
-3.399352
-0.871375
-3.022614
-2.718668
-2.278578
-3.702964
-3.147898
-3.302326
-3.165777
-4.623863
-4.644014
-3.833408
-3.785349
-5.495588
-4.427206
-2.593830
0.938348
0.823829
2.086008
2.709774
1.461942
0.810433
0.609216
2.216002
5.502450
5.606870
1.304177
5.814982
1.516269
0.081379
5.141611
4.576916
1.796623
-0.611598
0.113858
2.545508
0.862214
3.158776
-2.473394
0.559175
-1.966235
0.589289
1.507495
0.479496
3.360101
-3.407180
-3.215967
-0.741613
-0.350281
3.310897
2.511538
3.334971
2.717634
-2.536755
-0.388587
1.665406
4.311681
2.427782
3.469486
2.456943
2.018723
2.021090
2.409625
1.035698
-0.432858
4.234748
1.508386
1.492103
1.120533
1.394143
3.722622
5.045039
2.561722
-0.287489
0.011141
-0.345455
1.038357
1.549679
2.262550
-0.298382
2.125253
0.816093
0.060902
1.515203
1.129180
3.503840
-0.196705
4.949472
3.766925
2.005842
2.855444
1.054422
3.940816
0.477854
3.163441
3.897223
2.113225
3.192228
1.765525
3.409758
2.447410
-2.322736
-0.001197
-1.640226
-0.655048
0.990059
3.015236
2.967245
2.750290
0.384136
0.469509
0.700864
2.347676
2.031893
-1.693201
2.500052
2.763012
1.819345
1.900564
2.441464
-0.205609
-0.940203
-2.457769
-1.149628
0.899384
-4.709445
-0.346659
2.129801
-1.355447
-3.117293
-2.408144
-1.127617
-5.667710
-1.578774
1.863510
0.393772
0.974546
-0.369403
0.331489
-3.496166
-0.046318
2.021029
-0.475540
-2.791836
-1.297127
0.041555
-4.111903
0.210976
1.321961
-0.097191
-1.236222
2.869404
0.319352
-3.545232
-0.843285
5.057443
1.304627
0.694795
1.143647
1.199856
-1.867719
5.738644
-1.003329
-1.088279
1.499869
1.739927
2.553151
1.428921
1.644883
1.001776
2.403596
1.967703
-3.198737
-2.317607
0.786695
0.961341
2.703213
2.645650
-0.371105
-0.619516
1.717725
-0.468388
0.005337
3.542523
1.144598
-3.450505
2.675426
3.651893
1.526156
0.750709
3.323907
0.441213
-1.569930
-0.215785
2.592447
-1.941753
1.152981
2.917989
1.482537
-2.695323
-3.132071
0.438864
-4.373452
2.432558
2.170401
1.633674
2.373624
1.858669
2.703464
2.192439
3.546037
1.531622
1.340965
0.697623
0.507625
0.338383
1.321301
2.114173
2.349257
-2.301018
-0.309456
-1.027192
-1.788002
-0.920282
-1.113535
1.716288
-1.850093
0.175308
-1.832434
-3.158860
-1.474946
0.549821
2.078862
-1.513048
-2.114934
-1.472019
-3.297699
-1.157171
-0.718779
1.959005
-1.338178
-3.368945
-3.977083
-4.266539
-3.032113
-1.489830
2.230561
-1.544932
-1.281315
-2.306466
-1.728698
0.060319
-0.532441
0.763614
-3.285516
-1.139856
0.507731
-0.406082
-1.198536
-2.380288
5.444937
-1.025661
0.304028
-0.675750
-0.840742
-0.754564
0.716319
-1.958337
-0.194617
-0.386143
-0.336630
-0.449346
-2.402830
-0.652194
-0.879092
0.804985
0.626291
4.653409
3.317678
-2.746365
-1.510242
0.240034
-1.101894
0.380944
4.228322
5.430732
1.313695
-0.999084
0.996856
-1.526886
0.304813
3.035696
3.369828
1.615799
-0.915778
-0.911415
-1.019117
-1.726264
-0.535013
-0.315897
-2.983482
-2.216243
1.291929
-0.386822
1.500143
2.862007
1.714262
0.478347
0.666330
-12.630045
1.991675
-4.846469
-5.379978
-5.452703
-4.357778
-5.931012
-0.852083
1.680286
-0.214887
-2.860069
-3.047708
-1.228624
1.674382
-6.207872
0.645712
-3.087500
-5.102799
-3.209103
-5.794462
-0.814119
-4.709113
2.010569
-3.212143
-4.080051
-4.387716
-4.860023
-3.652839
-4.469935
4.929163
-1.294206
-2.577708
-3.719885
-4.144039
-3.342391
-3.780970
3.704058
2.800247
-2.695726
-6.866779
-2.368514
-2.762580
-7.576138
2.811671
-0.142427
0.469143
0.272010
1.949828
2.635954
-0.218472
0.672679
-0.627913
-0.590651
-0.203827
-0.792693
-0.374753
0.176881
-1.107312
-0.358783
4.132413
4.400727
0.204209
-0.082785
-0.321511
0.548462
1.703842
2.995338
1.718179
3.961846
1.187682
-0.134351
1.518991
3.117228
1.126084
-0.196763
2.279250
1.254465
-0.139587
0.997418
0.631784
1.609557
0.519397
2.555149
0.727183
0.040171
2.228270
2.336690
5.333592
4.663980
3.272559
1.396591
-0.129593
1.391788
1.136917
2.145676
2.933866
0.997632
1.274997
5.557526
2.033014
0.091637
0.192651
1.051226
0.384200
1.967379
2.066199
0.602663
0.653866
0.133433
0.828806
1.109884
1.597016
2.271996
0.240752
0.146772
-2.734351
-1.495935
-0.990960
0.447025
1.770455
1.286903
2.062680
-4.199734
-2.710155
-2.238092
0.825347
1.479833
0.295928
1.217883
-2.046267
-3.222933
-1.871298
2.212665
1.314491
-0.483722
-0.063568
-2.448846
-3.570539
-2.555136
1.868608
3.512179
0.963230
0.772030
1.744327
3.157140
1.194484
2.425800
-5.427242
1.549139
2.007646
3.445868
3.243292
3.599221
3.074008
2.749022
2.372297
3.000221
4.048245
5.526394
3.304146
5.140392
1.516452
2.635661
3.940485
5.526189
4.042516
2.558416
1.843084
2.241585
3.186073
7.118560
4.137186
1.960530
3.140298
4.173951
2.067169
2.928485
4.904936
6.112145
2.431467
3.537573
3.912900
2.209159
2.625598
2.198192
5.960834
4.988526
1.366968
3.624422
4.407768
3.958974
3.226599
3.403518
4.220648
2.524509
5.655574
1.499524
0.049776
-1.204271
-0.966950
0.230445
-0.708355
0.705054
0.395779
1.415187
2.601871
1.201872
0.061590
0.725079
0.620236
-0.688443
2.776528
0.841772
-1.198558
-1.239087
-2.415287
1.617780
-0.448968
4.145530
1.241364
-1.431756
-0.973413
-1.259954
1.429952
-0.506353
3.381567
2.150899
-3.268427
-2.777506
-2.372658
2.294143
-2.445003
0.500073
0.785612
-4.125998
-4.208969
-1.342514
0.750897
-0.295775
0.309181
-0.224747
1.778697
2.364195
-0.347242
-2.771454
2.797147
-1.889774
-1.544979
-5.070773
-5.666097
-4.485655
0.045655
-3.020000
-3.336230
-1.494367
0.560633
2.309022
-0.407388
-0.705067
0.386934
-3.411768
0.336507
2.784742
2.849150
3.750039
0.627477
-0.766011
-0.617572
4.181430
1.266585
-1.070597
2.292069
1.454777
-1.176416
-2.354804
2.244070
1.474103
2.556464
0.713901
-1.865528
0.944541
-1.524637
-1.883099
2.205890
2.206365
-0.752069
-0.383373
0.501787
-0.767415
-0.855692
-3.586959
-5.593659
-2.230735
-2.168526
1.974507
0.609373
-4.500487
-1.232183
-1.040703
-1.561729
-1.837934
2.255150
-3.587899
-2.344188
-1.030254
-4.370846
-0.533003
0.167867
-4.888119
-0.374219
-3.033942
-2.518324
-2.551385
-4.842175
0.085556
-4.592704
-2.604411
-7.119202
-1.596798
0.411496
-2.962268
-0.361654
-3.642326
-0.682206
-4.744130
-5.270959
-2.522023
-2.708920
0.591951
-3.525712
-1.783582
0.808630
0.856003
1.624189
1.733099
-1.343930
-4.319255
-4.091603
-1.500260
4.662870
3.912203
-0.408823
-3.852576
2.144642
-1.849072
-1.436343
-1.582980
-1.867337
-1.145187
-0.364010
-1.025012
-1.392566
-0.272958
2.132112
1.997208
-1.962805
-1.197689
1.007144
-1.007671
0.109615
-0.981897
-1.184806
-2.265875
-3.359729
0.055348
-2.542865
0.544396
1.384056
0.964630
-1.113547
-4.252034
0.594545
-3.151389
-2.262722
1.996668
0.704038
-2.661612
-4.737408
0.126631
-0.677958
-2.442762
-1.385519
-3.798316
-2.567945
-4.120644
-1.285675
-2.831023
-0.290095
-3.481035
-4.049009
-1.945881
-2.022833
-5.260729
-1.894665
-4.023869
-4.607929
-5.790898
-4.169585
-11.127184
-2.888049
-2.488088
4.466515
5.430790
2.746872
6.659667
1.060865
-5.711140
4.785899
1.629257
-1.254357
-2.289280
-3.343483
-0.302685
-5.257364
3.873247
-4.915668
-5.004904
-4.899892
-5.262373
-0.956984
-5.500889
5.848514
-2.872370
-4.096294
-1.418475
-5.495073
1.471554
-2.155608
-0.258104
7.849081
-0.626449
-1.355425
1.940971
3.536658
-9.401031
-3.961934
-5.637266
0.178369
-0.559814
0.792622
-22.113037
5.080759
2.202142
1.886014
0.189070
0.267121
0.420708
3.377441
-0.495028
1.066054
0.082668
-1.760539
-1.868729
-5.154014
1.435492
0.605256
2.277358
-0.517759
-4.132049
-6.033151
-6.500432
-1.066153
-0.144863
1.826463
-0.362543
-3.620572
-4.837327
-4.019075
0.181442
0.671286
1.279457
1.639676
-2.477331
-3.494452
-3.875840
-1.968081
1.132885
-0.864089
0.884514
1.225806
5.223588
-1.963256
-3.187162
2.563547
1.951108
0.035559
2.539585
3.457714
-1.272310
3.374841
5.217964
0.952658
2.435570
1.604181
1.546559
0.985921
3.331384
2.192711
-2.432689
-3.082500
-7.259220
-8.057687
-5.581451
-1.758831
4.444552
-0.298176
0.490627
-4.003400
-5.709836
-3.805435
-2.681893
2.929736
-0.360112
3.331642
-0.554781
-0.529446
-0.686148
-2.511506
2.875627
0.194521
2.623108
0.187612
0.920908
-1.352633
-5.162805
2.418347
-0.604394
-2.647612
-6.382477
-6.836291
-3.041756
-3.024897
3.511620
-0.446455
-1.574112
-4.689256
-5.174104
-2.454202
-1.732293
0.467977
2.217009
0.448688
3.101120
4.134706
4.106664
-0.723568
1.485032
-0.566564
-0.858418
-2.198771
-3.326397
-1.063819
-1.296058
-0.093658
-1.104944
0.336455
-0.204516
0.406760
1.212669
-0.736257
0.226854
-3.452382
0.636785
-0.837951
-0.534736
-0.239906
-1.800019
0.129551
-3.463125
-0.470730
-2.332625
0.006338
0.370209
-0.049953
-0.686936
-0.707334
-0.058981
-2.141051
-1.133729
1.692980
1.102278
3.274149
0.739118
1.956494
1.441720
3.262941
3.704936
1.492523
8.699669
-2.406155
-0.047561
-0.117275
0.675055
1.075472
2.565674
1.608642
-2.419283
-1.827084
-1.336413
-3.507722
-0.098290
-0.562627
1.598919
-2.380860
-0.933723
-1.850488
-3.642871
-3.940479
-0.977786
0.374060
-4.159809
-9.111876
-0.020364
1.492815
-4.329967
-2.866679
-0.203436
-0.904436
-6.046806
0.232836
0.206872
-3.124218
-1.374984
0.790715
0.217392
-0.208147
-5.423464
-7.036340
-1.281759
0.197757
3.221524
-0.930954
0.888336
-0.058775
-0.814242
-0.394023
2.791791
6.279240
-3.517639
3.570533
-0.271000
-2.641793
-0.695460
5.010455
-4.028197
-1.258758
-1.832689
1.412773
1.939283
-1.560512
0.242911
5.250414
1.337348
5.707651
6.204029
3.272311
4.028367
1.065140
3.853671
2.937285
5.904403
3.399380
2.297868
2.303798
0.167198
4.944953
0.714977
3.370303
3.004488
-0.528176
1.942494
0.168109
4.240895
1.602587
4.289821
3.767881
0.812176
2.006225
1.008574
5.407171
1.553830
3.122846
-1.503146
-2.372860
-0.864473
3.753532
4.498116
1.890406
5.439155
3.412330
2.093233
3.916298
7.013659
2.641652
-0.163849
0.282116
-3.725607
-4.470098
-1.166002
2.582923
3.772647
-3.617098
-1.053616
-2.770491
-2.162910
0.389064
-0.470284
2.097145
-5.757714
-0.505391
-4.814542
-1.966172
-1.105777
-1.296293
1.637741
-4.372190
0.262956
-5.115396
-3.376458
-0.840993
-1.954363
2.196712
-2.450035
-3.684670
-4.160750
-3.204633
-2.887330
-0.684224
4.568779
1.165098
-0.157536
-2.665332
-2.009236
-1.518990
4.603436
4.206541
0.074930
0.136822
-0.516626
-0.465756
0.295616
0.564675
1.029294
-0.438475
-0.196128
0.907368
2.412906
2.144653
-0.719904
2.478421
-1.609014
-1.883629
-3.606236
-2.113230
-2.286970
-1.554453
2.396765
-1.759864
-2.008000
-3.107120
-0.660581
-2.881372
-1.302946
2.517672
-1.721124
-2.675560
-3.140603
-2.827738
-4.271843
-1.216053
1.994563
-0.168193
1.012164
0.058200
-2.023849
-0.933181
-0.693335
2.876810
0.991950
-0.943667
-1.544444
-0.960997
-0.068816
-1.445997
-0.181163
0.140839
-0.567200
0.445654
0.473266
-0.760270
-0.669473
2.080211
-0.629007
-1.135327
-1.404038
-2.414704
-1.652112
-1.152749
1.941714
-2.534849
-2.410237
-0.828309
-2.982936
-3.022351
-2.643122
1.465648
-3.957358
-3.732818
-1.074261
-0.976271
-2.453989
-2.793909
0.527970
-5.833758
-5.448092
-5.189032
-2.676591
-3.963446
-3.577908
0.277406
-5.685251
-2.935890
-2.996477
-1.493923
-1.850540
-2.800038
0.077608
-4.367549
-4.015792
-3.090770
-4.112221
-3.649950
-3.176239
-0.107983
0.045088
0.582656
0.398575
-0.771190
0.292475
0.480440
-2.341261
-1.610195
-1.582572
-0.432252
-0.554394
-2.787867
-0.569929
-0.556112
-0.350386
-0.757579
2.989467
2.469087
-0.276024
-3.274589
-0.247670
-1.712963
0.538378
-0.804576
-2.110030
1.030638
-1.947021
-1.025771
-3.437000
-0.952895
2.271744
0.566102
2.298063
-1.470967
-1.377077
-1.645074
-1.764900
5.458474
5.561224
-0.428405
-1.873456
-1.505891
-1.696475
-0.791338
-0.455931
-0.226184
-1.702263
-0.731208
1.501405
0.672645
1.409380
1.396872
0.939825
1.511191
1.733610
-1.038583
-0.682681
-0.252703
-3.326800
-3.240189
-2.102234
-0.089131
2.087564
0.430935
-1.944590
-0.828682
0.320653
-2.040826
-2.538970
1.806690
1.318095
0.995514
-1.336661
-1.433098
-0.086822
-1.491524
1.520637
0.478107
0.554059
-1.109739
-0.425146
-0.737095
-1.111809
1.546860
-0.191947
-1.247395
-2.725366
3.126284
-2.881211
-0.329082
2.182418
0.425733
0.063101
-1.404297
1.101480
-0.114928
1.690838
6.828430
1.040914
0.756897
1.723837
2.177927
1.554474
3.809549
3.097969
3.912842
3.165337
4.849287
6.277296
6.208323
2.303651
3.996178
2.965299
2.382176
3.636295
3.640555
3.064650
1.524735
4.222331
4.204926
0.428959
2.668343
1.052084
0.498406
0.089311
3.861445
5.844975
3.480603
1.436418
1.710389
1.382635
1.198451
2.735860
3.739554
3.121664
-1.530965
-4.085529
2.292401
1.847015
3.750281
0.363049
0.112198
1.916039
1.886187
1.081522
0.628352
4.143912
-0.057507
-0.002803
-0.419515
-0.237751
0.561312
1.723861
1.072361
-0.258889
-0.508943
1.586855
1.511781
0.449116
-2.020210
0.568990
-2.839898
-0.305644
-2.063211
-1.045134
-0.311511
-1.197088
0.224725
-1.390214
2.252580
-3.430752
-1.723100
-1.259597
-1.484466
0.122036
-3.856918
4.841690
0.631142
-0.372492
1.744873
-1.102469
0.875288
-0.557084
-2.434144
4.593999
6.083369
1.851811
-1.844301
5.078996
-0.435212
-3.551624
-4.983420
-3.871935
-3.474055
1.295964
-5.797713
-2.039484
-0.059408
-3.559607
-3.486065
-3.701349
-2.394490
-5.172816
-4.125884
-3.615407
-3.097641
-1.294078
-4.250179
-4.746744
-1.235141
-2.967474
-0.429976
0.581307
1.197034
1.386717
-4.289674
-2.481664
-3.645339
-0.867057
-1.972561
-4.477426
-0.666432
-5.240502
-2.956319
-3.694668
-3.840862
-3.312045
-4.168590
-3.056635
-5.812503
-2.776755
-2.541395
-3.746453
-6.125434
-6.300513
-1.549854
-2.693674
-3.844115
-0.801470
-0.854262
-4.649340
-6.448972
-0.359085
-3.688763
-12.361871
-4.912296
-6.343680
-5.924333
-5.639987
-7.373072
-4.860791
-0.877143
-1.689760
-2.530283
-1.869348
-1.283359
-3.001331
-1.144779
-3.017653
-2.654639
-1.614949
-1.183712
1.133347
-1.757291
-2.440617
-1.279838
-2.254088
-7.018466
-7.634006
-4.308040
-5.022222
-2.451714
-2.100894
-0.305682
-7.335842
-8.040468
-6.289245
-5.792605
-0.815720
-2.359340
0.414765
-3.983462
-6.707660
-4.199625
-5.950566
0.285934
-3.691345
3.565929
3.375770
2.509418
2.066447
1.341477
1.975278
-4.058491
-0.552189
-0.414931
0.895063
1.808686
0.383712
-1.039940
-0.801397
1.295173
0.888007
-3.756616
-7.070368
-0.651249
0.564101
-1.452240
1.953258
-1.132591
-4.441237
-6.522546
-4.171307
1.258772
-0.422913
1.342625
1.534538
-1.978546
-2.378879
-1.146682
1.117335
0.132640
0.906687
-1.303452
-2.368041
-1.751050
-1.305241
1.216311
-0.577609
1.837124
-4.666469
-8.464567
-9.046488
-4.022336
0.085889
-2.229254
2.227754
0.774562
-3.254722
-1.960473
-0.089811
-0.624971
7.478361
6.097550
2.309614
2.416802
1.873578
2.469355
5.276536
2.276875
0.621325
-1.459322
-2.120081
-2.329286
-2.942773
-0.394725
3.062504
-2.645726
0.284912
-1.459445
-3.654669
-1.447670
-4.209444
0.874327
-2.747634
1.239637
-0.002994
-3.182554
-0.674522
-3.428603
1.766630
-1.636437
0.389931
-0.715046
-3.303334
-0.955250
-3.596614
1.259489
-0.034190
-1.499887
-2.727028
-1.760778
0.069583
-1.316751
2.999829
1.718858
1.384877
-2.470462
-2.780765
0.333071
1.454797
9.373520
-2.760252
1.590751
0.705133
0.248332
0.788840
3.095421
2.635698
2.658595
2.901351
5.354384
3.750084
3.119946
4.205872
7.784995
2.157189
2.235641
2.493377
1.279872
1.122487
1.835218
5.732625
-1.243591
1.320596
1.285893
1.010107
0.891998
2.588044
5.687089
-1.165781
2.293522
2.063334
0.062860
0.799939
1.744880
5.571409
0.190450
2.927699
3.138180
1.465355
2.559763
3.062813
7.276201
0.640948
3.429241
4.508443
3.062341
3.413808
2.742657
16.550192
1.531585
7.222867
7.704490
6.588829
7.027976
7.131859
-1.582258
1.748233
-0.524124
2.297231
3.262309
-0.363363
-1.897582
6.673858
-0.174535
1.311710
3.106841
0.244812
1.439811
-2.224800
5.921776
0.185187
2.721783
5.884389
2.291073
3.206531
-0.750872
6.262230
0.574714
2.878721
7.709625
3.963400
4.691182
-1.844560
6.599395
1.859626
2.550273
5.495316
3.153635
1.799101
-1.441755
2.691556
-1.842834
-1.626276
-2.816174
-1.357179
-2.032105
-3.185159
8.405771
-1.645024
0.613714
0.159799
-0.449883
0.373592
1.351210
-1.482939
-4.057088
-2.294432
-3.555626
-4.756753
-1.818615
-2.066488
-0.601728
-1.915558
-1.021219
-2.670250
-4.566386
-2.488016
-3.500551
-0.269612
-3.134138
-5.399958
-4.585687
-3.200305
-2.833671
-4.219995
-0.422898
-0.416529
1.409964
-2.049704
-1.708919
0.784382
-2.523031
-1.155014
-1.968300
-0.165762
0.929431
2.469782
1.562575
-2.672162
2.562715
-1.841304
-1.681260
-1.093246
-0.865557
-2.422510
-1.013532
-1.974026
0.598364
0.036630
1.626755
3.820276
3.478124
-1.164045
-1.509111
0.436395
0.393963
-0.601158
0.751420
1.063626
1.027122
-1.042805
0.015341
-1.396494
0.106624
1.982164
2.552140
5.364542
-0.620250
-0.268941
2.240819
3.555015
5.796321
3.691622
5.277418
0.828824
0.237989
2.456774
5.073990
4.930169
4.379343
3.864138
0.642189
0.520893
1.028512
4.958218
5.325472
3.901908
2.745685
-0.480697
-2.357607
-0.774006
2.064374
1.988175
1.265703
-1.772800
0.819000
-2.625720
0.356479
-0.991931
-0.284650
-0.668157
0.630163
-2.670859
0.709078
0.674562
-1.455283
-1.344053
-0.630513
-2.541276
-0.045165
0.920060
0.237063
-0.607647
-0.778813
-0.805012
-2.375196
-1.074406
0.094209
1.715132
1.757141
2.973217
0.739256
-0.789186
-0.650708
0.507180
1.513629
-0.316416
0.645981
0.130129
-1.463022
-0.472979
0.263975
-4.153579
-1.821695
2.660882
-1.598198
-2.412296
0.474687
0.556782
-1.100022
-2.585480
-0.705456
-0.418152
1.577395
-6.106331
-1.188879
-2.027717
-3.035320
-2.819562
-2.705764
-0.525907
-2.100270
1.672907
2.388808
1.053897
1.490815
3.756528
1.361270
0.186101
0.667201
-0.507848
-0.866571
2.359464
0.963973
1.383973
-1.017640
-1.464602
-4.729269
-2.339395
1.268926
-1.005938
-0.655474
-0.739601
-0.762685
-3.761913
-6.912621
-3.058819
-3.975795
-0.369579
0.720591
0.569691
1.138239
-4.830795
-5.795296
0.830729
2.234799
1.239593
2.512371
1.215190
1.642580
1.207783
3.236191
2.679109
4.521825
0.787267
2.941853
2.876035
3.061071
2.977544
3.700468
0.907104
-0.208324
-0.184551
1.591497
2.035222
1.540584
1.742439
3.387192
-0.118055
0.102579
1.711277
-0.881752
1.539242
3.714185
3.869698
1.501172
-0.222739
2.445105
2.374694
2.248359
3.735381
4.377296
1.020576
1.091296
0.156879
3.346199
3.029230
3.593866
2.969099
0.003669
1.074963
3.469533
4.008725
2.914420
2.433136
4.902959
1.341527
3.259100
2.245225
0.355463
3.293202
3.719148
4.260993
-2.607124
-1.855379
-3.110835
-3.289913
-2.922116
-1.414212
-1.918455
-4.054275
-6.291976
-5.242826
-3.312457
-7.081354
-7.344324
0.896616
-6.144040
-3.874571
-0.471989
0.725917
0.847593
-2.740127
1.620640
-2.599160
-0.042524
-1.203463
-0.172774
0.506373
-1.466731
1.247675
-3.285194
-4.206513
-5.211348
-2.382094
-2.550238
-5.823842
1.391974
-1.435745
-6.950582
-3.023261
-0.270006
-4.745339
-5.813350
2.925313
-2.059668
-3.489372
-1.241544
-1.808599
-3.517513
-5.161066
15.128260
0.342310
13.009062
9.668505
7.424232
10.378332
15.208982
-2.198119
4.464107
3.580104
3.838568
2.527876
1.436098
1.642922
10.461061
1.250564
4.910676
8.306835
4.300766
5.962358
2.875377
8.775539
1.010221
3.728672
7.034290
2.668104
5.584225
3.744052
8.991295
-0.908344
4.010763
6.128074
2.942064
6.114815
1.866074
6.605960
1.153406
2.274427
3.866463
2.915964
5.939323
2.710484
10.213279
-0.238773
3.606029
3.583570
3.767820
2.797833
-0.504995
-9.074110
-3.519333
-5.083952
-5.165270
-4.097917
-5.380645
-3.759825
-2.030875
0.947055
0.851006
2.331531
0.566733
0.081440
0.377353
-5.127190
-0.336630
1.536305
-1.785799
-4.794014
-2.305679
1.268517
-3.456701
-1.892579
-2.031399
-2.174260
-4.758454
-1.594090
-0.446166
-4.257542
-0.892081
1.663605
-0.424568
-1.359474
1.732678
0.558722
-3.262067
0.387521
1.673624
1.006185
0.654810
3.545476
1.849268
-3.768870
-0.019111
-1.405677
0.261009
0.019631
-1.896035
0.618551
-2.663954
0.737592
0.162240
0.580722
-0.059645
0.906024
0.599866
0.304592
0.866972
-0.372296
0.091490
-0.403781
-0.513412
2.800625
1.771384
1.333048
-1.113225
1.725155
1.485289
2.008361
1.233015
0.744474
0.389004
-0.167218
1.980569
1.018139
1.317883
0.629663
1.271216
0.415970
-0.325621
2.431574
2.359479
-0.105695
0.579375
1.384102
2.123335
0.965419
2.928836
1.826992
-0.275949
2.765204
-1.279692
3.135344
3.974617
4.712302
4.389168
4.190523
2.852043
-0.210255
-0.771546
-2.921967
-2.308772
-1.404032
-1.496404
-2.694760
0.961012
-2.959103
-3.620831
1.243638
3.321523
0.496178
-1.607731
-0.955545
-2.455608
-1.780714
0.883697
0.777661
-1.284509
-1.637251
0.386356
-1.435698
2.434779
-0.251680
-0.672947
-1.363716
-2.094714
0.796887
-0.517156
2.198845
-0.723156
-1.586509
1.791908
-0.615311
0.470129
-0.141550
0.382836
1.179423
-1.297563
0.394340
-0.153739
0.845536
-1.053147
-0.951308
-0.737458
-1.207156
-0.801254
0.062740
-4.786788
-0.471473
-1.406278
-0.502908
0.417797
-1.233978
-2.336508
-1.415677
-0.104910
1.575860
3.583802
7.309015
-0.508451
2.758017
-2.585581
2.187466
-0.930146
-1.489540
1.492065
-0.309119
4.918844
-2.235043
3.253864
3.892715
-2.319382
-0.546720
-0.855475
3.808927
-2.223921
3.143524
2.470549
-2.474085
-1.790457
-2.999286
3.187075
-2.002680
1.702967
1.104816
-0.453044
-2.622028
-2.196353
3.081702
-3.691828
1.282584
1.768243
2.248698
1.396400
2.083539
-0.411847
1.809294
-0.984666
2.362155
3.064537
2.463042
2.103515
1.665251
-0.322231
5.723812
3.402370
2.994149
3.745439
1.546938
0.240173
0.743332
1.939558
0.622041
2.393455
4.980409
1.785636
1.287458
1.645188
5.174815
3.157338
1.302306
4.631193
-0.133678
3.727280
1.441300
3.833795
2.443505
-0.316498
0.988446
1.064570
2.813950
-1.389293
2.637625
1.429156
1.135644
1.083532
1.324575
0.763200
0.100374
-1.642863
0.725405
-0.610627
1.115056
-0.507704
1.979339
0.189046
-2.978405
-1.098353
-2.666207
-3.211208
-2.292204
-1.835587
-3.769101
-1.360770
-1.953734
-2.327132
-1.448250
-2.003273
-2.550760
-0.901647
-0.327981
0.151002
1.366631
1.614470
1.258986
-0.639551
-1.382078
-0.389344
1.712358
-0.856036
-0.414834
0.012883
0.370689
-1.621022
-2.925503
0.723176
0.182646
0.172867
0.293630
-1.532974
-2.717314
-2.505281
-2.462878
-2.289448
-5.926228
-2.943108
-2.500562
-4.109221
-3.360189
-1.684217
-2.685774
-3.521193
-2.377789
-3.951741
2.541184
0.581672
-0.494514
0.732658
1.440311
-0.116086
0.406447
1.272576
-0.155279
0.298286
-1.369845
-2.455445
0.003191
2.036838
-0.017141
1.739853
0.716651
-1.476991
-1.724979
-1.903657
2.574207
0.102590
0.199666
-2.162807
-1.637299
-2.425921
-0.834877
0.384015
0.145722
1.812670
-0.575564
-1.844854
-0.542633
0.349892
2.071301
0.222449
0.749340
1.616840
-2.567786
-1.000599
-0.016577
2.000345
1.237464
1.257306
1.858054
1.812454
2.116153
1.396157
1.699058
-3.062202
1.174570
0.187820
0.701107
1.116681
1.696386
-1.181575
1.574903
-0.065198
0.980563
-0.849417
0.808771
1.692108
1.850055
1.428669
1.942070
-0.187651
-1.527075
-0.423118
0.648420
-0.115446
1.601099
-0.173078
-0.156811
-0.924274
-2.747189
1.961484
1.174832
1.258917
-0.433456
-0.563151
-0.762237
-2.051999
0.983429
0.087688
0.796686
0.556205
1.437671
-2.756415
-7.778898
0.130270
0.237294
-0.726130
-0.088580
-0.105203
-1.309045
-1.624084
0.905398
-1.525774
6.158025
0.504701
4.687477
1.014936
-0.380660
1.075291
7.276241
-1.964177
2.252049
0.301150
-1.269231
-0.812502
-3.116082
-1.669841
5.007589
0.448862
3.517930
3.287957
5.687257
5.293381
-1.530804
3.495938
0.186348
0.654624
-0.643505
-1.797446
3.305918
0.484582
5.013117
0.767157
1.345420
-1.879349
-3.726187
2.897152
-0.474898
6.896873
3.947001
2.498974
5.570180
6.872543
4.445150
1.253794
4.912228
1.013467
-2.434214
-3.338992
-2.652732
-4.393057
-1.255916
5.284797
-2.055625
4.405679
1.696042
0.457360
-0.493948
1.042817
-2.963097
-3.665531
-1.033917
3.045968
1.819563
-0.136263
-3.514738
2.961762
-3.962645
3.914946
4.493009
1.753093
5.015623
-2.551422
1.549279
-6.000083
-3.516690
-9.402090
-12.434180
-4.287037
-6.467788
1.446907
-3.672550
1.180067
-1.303041
-6.341314
-0.070145
-4.101058
0.764380
-6.692382
4.707895
8.406372
1.087296
6.557585
-2.566329
2.159669
-2.072383
-1.930695
2.269534
0.462385
1.167792
-9.577358
3.133603
1.714179
0.131366
0.557902
0.488266
1.355611
3.136217
2.211189
2.588325
-0.321335
2.969164
3.865745
1.209411
0.752754
1.723867
-0.218386
-0.567158
4.468731
6.336003
5.865888
-0.320476
2.058825
-0.501533
-0.276467
4.845081
2.890386
2.502328
1.028497
1.765393
-0.073027
-1.853283
3.950529
3.551528
1.511305
1.091360
1.127538
1.517687
0.227606
3.419030
5.413384
1.019359
0.636034
2.507418
3.934126
2.355864
1.463013
0.541274
1.694994
6.883636
3.378227
-0.492203
0.338001
-2.132408
-3.767480
-1.662804
0.248986
-1.674010
-0.590020
-2.303421
-4.703711
-6.810997
-5.095704
-4.643661
0.024898
-1.125076
-0.775434
-0.289484
-2.528531
-1.466131
-3.703620
-0.579313
-0.621957
1.680519
4.146724
3.099151
1.448633
-3.248055
-1.076478
-1.568223
-2.678815
-0.628822
-0.452733
-4.420905
-6.163141
-2.508968
-4.135564
-5.927710
-9.279224
-8.807220
-7.616458
-6.312986
-0.125237
-2.546933
-1.918718
-5.520404
-7.161086
-4.180343
-3.555857
-1.416085
1.438416
-2.436376
-1.220877
-0.506612
0.158127
-4.119603
-1.711385
0.380708
2.031485
2.528462
2.204985
5.047359
1.378371
-2.874565
3.833056
0.037057
-1.047563
-0.373495
-1.131714
0.962772
-2.907617
3.382126
-3.385829
0.694762
3.187744
-1.018717
0.067042
-2.096197
4.814049
-6.207534
-4.824728
-0.813798
-4.488322
0.554364
-1.058805
2.144247
2.604314
-3.673784
-1.361256
-1.646429
-1.067218
-0.519490
0.139635
1.835692
3.278764
1.907951
2.271398
-1.507536
1.993646
2.571118
4.150235
2.495404
0.552049
0.879899
2.239148
4.097814
5.161551
1.829727
2.341786
3.598969
0.085646
2.671913
5.838383
2.479801
0.332785
4.053966
2.822482
1.404975
1.603280
5.060100
1.883899
2.727124
4.288988
2.880709
2.033814
1.238067
4.641337
1.047724
-0.468320
5.139428
3.073552
1.741654
-0.780477
3.174311
0.058982
-5.497818
0.832330
1.825090
-2.699559
0.137274
4.269868
2.615941
-0.667585
-2.643628
-2.636524
-2.510267
2.257385
8.098341
1.215743
3.469582
3.770476
3.237710
2.372941
3.963043
1.508088
-0.741756
-0.699052
-0.580659
1.011212
-1.508293
1.140151
2.924964
-1.695311
-1.607296
0.411445
-1.171655
-1.780707
-1.931114
2.857032
-2.891632
1.395396
0.401049
-0.884287
-1.255990
-2.289741
2.445877
-2.351473
0.773730
2.189269
0.130327
0.748943
-0.449450
3.165045
-2.296219
-3.804998
-2.161699
-1.285693
-2.739942
1.018782
4.353288
0.293347
-0.876935
-1.895400
-2.568839
-1.397921
0.474539
-21.036636
-6.247579
-11.333168
-9.752048
-9.410254
-9.539356
-17.463360
-7.534547
-1.890316
1.009872
2.782776
1.290074
1.192168
-6.893488
-12.469293
-1.574850
0.078194
3.130938
4.942365
-1.881781
-6.591855
-11.397009
-0.564904
-1.217987
3.829863
2.874797
-2.047209
-9.194267
-11.019604
-0.380530
-1.469536
2.613798
1.738628
-2.567427
-6.525597
-9.978983
-0.909588
2.296225
2.078101
1.517653
-0.011604
-3.141559
-15.834231
-8.050634
-6.565703
-4.085213
-5.324584
-4.633356
-17.310398
0.761245
-2.448579
0.295351
0.322877
1.298530
-0.013291
-1.706621
-2.733733
0.483623
0.096042
-0.023053
-1.902010
1.518178
-0.127682
1.562399
-0.284718
-0.952926
-1.603957
-2.707617
-1.000914
-2.218244
0.276896
-0.739758
-4.169887
-1.685076
1.016576
-1.368641
-3.592119
1.152258
-0.940147
-3.412918
-5.016431
-1.275490
-3.278538
-3.819632
-0.823769
-1.165312
-1.078392
-3.204923
-0.914271
-0.971318
-2.745992
-0.196568
-3.805927
-0.565893
-1.035773
-1.412983
-0.202871
-0.700046
-8.054291
2.209324
-2.735866
-1.001564
-0.529098
-1.110532
-3.912956
0.441399
0.973841
-1.846530
2.410573
5.882330
0.596636
0.151963
-4.998212
-1.888529
-4.711899
-0.289319
-1.100549
-1.222150
-0.885225
-3.321968
-0.859339
-1.373035
-2.751577
-1.730415
-3.223500
-0.095236
-3.445395
-0.201274
0.457627
-1.768217
-2.719616
-2.349598
0.100120
-1.204885
1.249296
-1.082394
-1.197692
0.710409
-2.258873
-0.056777
-1.945733
5.092845
1.274926
0.281308
-0.247125
1.066259
4.621668
3.999963
4.219409
3.662715
5.053152
5.107499
4.971745
3.845481
4.269124
1.163885
4.056313
4.199583
3.269931
5.651775
4.164174
2.003570
2.787772
4.112286
0.275823
-1.396042
2.279728
5.583843
1.833888
1.195452
-0.419568
-2.817679
-3.549231
-0.701161
3.343761
1.836001
3.138404
1.688468
1.017784
0.155094
0.971851
4.071100
2.063147
2.022340
4.220794
4.475884
3.320630
5.078302
5.004784
3.310118
4.308775
4.177707
4.980032
5.355389
4.166064
3.783170
-0.295223
-2.916396
-1.157844
-2.741332
-4.402458
-3.743117
-0.241028
0.647729
1.106309
2.095533
1.655189
0.271731
1.050296
2.211090
2.226009
3.101238
4.465113
2.565432
-0.152371
0.586518
2.495322
0.997930
4.161031
5.385691
-1.045721
-1.822310
-1.138947
2.694776
-0.297476
1.695962
3.834981
-1.740867
-3.310297
-2.323256
2.045649
-0.421006
1.024079
0.018450
0.846456
-2.251356
-1.911242
2.215872
-0.604246
0.404310
-0.734999
-0.151463
-0.991028
-0.039627
0.709658
-2.974710
-0.220603
0.574827
-1.081102
-1.889714
-0.434596
-0.250251
1.114723
1.636628
0.834319
0.462570
-1.879474
1.451333
1.257915
0.613346
0.075872
1.370095
4.081273
1.741216
1.538809
1.562133
0.509889
-0.209567
2.477838
4.367728
2.336561
3.623056
1.729748
0.443729
-0.170396
2.571209
3.690905
2.007246
4.895324
1.048497
0.765088
1.007808
2.551277
3.937954
3.598842
2.797317
1.486940
1.290833
1.724465
1.493872
0.023607
1.228312
1.787682
3.086105
3.361777
2.220567
1.362526
2.662875
2.849189
2.119224
2.374842
1.082048
0.370783
0.067209
0.934053
1.601864
-0.013435
2.785273
-0.118688
-0.419595
-0.714516
-2.810252
-0.454014
-2.145790
1.984584
-0.230161
0.019778
-3.433492
-2.235287
1.197725
-2.340645
2.062935
0.232497
1.086233
-1.736607
-3.137766
-0.710534
-3.323438
2.925702
0.814553
1.982338
1.542608
-0.236496
0.643154
-1.287711
2.993805
2.599892
2.969556
1.900085
3.537304
4.082931
2.614011
2.993340
7.081168
1.735165
2.855594
1.721842
1.819075
1.793643
3.502409
2.150837
-0.336203
-1.300136
-5.781014
-6.089931
-2.911539
0.262935
4.097898
-1.616814
-5.447645
-7.157109
-6.950670
-6.889975
-3.005574
3.491131
-3.475074
-10.698776
-3.973768
-3.069844
-5.380370
-3.260853
3.203530
-1.869314
-8.525669
-5.167567
-4.753819
-7.003164
-1.790631
2.680461
-1.819266
-3.521228
-10.783356
-13.462109
-6.753772
0.454447
2.673094
-0.828763
0.587308
-1.580043
-2.291434
0.454817
1.517453
-0.874737
-0.690247
1.178729
0.556910
0.645371
0.512469
-1.202111
-2.100272
4.700037
5.736248
3.768806
1.318465
6.170838
3.648958
1.539047
3.970572
2.675132
-3.103682
-4.745192
0.244493
2.432812
-0.482384
2.329807
-1.977239
-3.188383
-3.814546
-0.441206
2.517725
-1.643645
0.468307
-5.639556
-3.204277
-2.664706
-0.407538
2.853455
-1.197775
1.335737
-2.697189
-4.096960
-2.375127
-1.075678
1.704386
-3.605942
0.800292
-1.216606
-3.444174
-3.357401
-0.325866
-4.060665
8.211986
1.516186
3.697366
3.752358
3.305915
4.034145
5.471799
1.798218
-1.875937
-3.265969
-2.801413
-1.436406
-4.030318
-0.456749
3.352910
-3.653073
-3.415365
-1.991867
-1.801666
-0.544645
-2.416196
3.014836
-3.164087
-2.231702
-3.858642
-3.285596
-2.769398
-2.619920
3.601780
-2.493636
-4.284792
-3.661207
-2.432279
-2.281126
-3.044698
3.301780
-1.494702
-3.150152
-0.034117
1.158595
-2.039057
-1.654087
6.203032
1.603036
1.130591
-0.204924
0.300379
-0.736920
3.542486
2.185309
1.340944
0.919777
0.781946
1.447304
1.089168
1.211625
3.797222
4.845382
5.221538
8.746393
10.415098
8.780371
4.999036
1.540882
4.302912
6.985135
7.605185
8.148920
9.022643
8.141488
2.874434
4.054570
8.015131
5.226315
4.416105
7.138685
8.168087
2.385720
3.859501
7.784943
7.936742
7.316395
9.803101
6.911422
2.803698
4.483188
4.887812
7.428606
5.915969
8.662242
4.102791
3.222441
4.894743
2.746218
2.638893
1.874663
3.934309
2.150189
-4.669090
0.638161
0.144789
1.448053
2.535009
-0.474685
-1.881607
1.421398
1.815095
1.528434
2.917995
1.677858
1.117945
-0.480248
1.849829
2.901440
0.247651
-1.292909
-2.346309
-3.084754
-1.357750
2.447840
2.272559
-3.209198
-1.056453
-1.254522
-3.506743
-2.192614
1.575971
2.710895
-4.079428
-3.653474
-0.886203
-4.647356
-0.983381
0.860816
1.555486
2.993340
0.966241
4.427271
1.079524
0.440974
-3.826574
-2.349668
0.095498
1.843102
1.319398
-0.358867
-3.955513
-0.240289
-1.215502
-0.730180
-2.173299
-1.481147
-1.319433
-0.896826
-2.687591
1.057609
-0.783906
1.655516
2.711900
0.282526
-0.884194
-0.044798
0.654826
-3.867968
-1.823380
0.686067
0.333466
-1.166334
-1.509440
1.415497
2.403024
-1.916862
-2.873156
-0.200911
-0.553166
-0.995409
-0.660539
0.863421
-0.168518
-0.502722
0.025258
-2.161503
-1.134750
0.119962
-1.821847
3.716424
6.370317
0.082968
-2.397062
-2.849530
-2.779880
-2.750654
-0.605895
0.562514
-1.342567
-4.069943
-0.266973
1.282064
-0.584865
-1.111861
-1.282127
-1.496029
-0.013643
1.447050
3.485916
-0.100860
0.014154
-0.541862
2.350078
-0.487350
0.245935
-0.427044
-1.042058
-0.887473
-2.613724
0.793053
-0.767001
0.886552
-0.224675
-0.480972
-2.701505
-4.447857
-0.610324
-0.981975
-0.639596
-1.538365
-1.868830
-4.940350
-4.694543
-0.524254
-1.348002
-1.922546
0.603966
-2.792559
-3.454659
-2.132820
-1.521389
-1.111141
0.521997
1.744855
0.329899
-2.804746
-2.306790
-0.295604
2.089929
2.394527
1.593198
-1.470387
-1.086701
-0.188902
0.513992
0.412483
1.969221
-4.586266
-2.497008
1.905663
2.793123
2.559521
-1.396504
-0.646276
-1.949854
-0.405182
4.049043
3.043226
2.671735
-0.304405
0.193477
-1.182967
-0.139363
1.723038
0.977662
1.584342
-0.895985
0.126104
-1.851485
-1.782047
0.591050
1.161308
2.036515
-0.457182
1.174279
-1.733227
-1.012021
-1.153123
-1.937481
0.837956
1.615204
2.648354
-0.064369
-0.498154
-0.959448
-0.926228
1.825689
2.285469
0.110158
1.873105
-0.463861
0.096061
-0.279536
-0.032538
0.352708
3.445632
1.153792
-0.236526
-0.397227
-2.811386
0.015304
1.340255
0.380365
0.167347
-2.689320
-3.062156
-5.007812
-1.621744
-2.461371
0.809318
-1.261917
-7.496590
-2.092859
-1.278185
-1.145555
-1.993096
0.362988
0.764049
-4.206016
-1.820724
-2.401886
-0.848763
-1.430393
0.253746
1.107242
0.946435
2.099436
0.309395
1.369585
-0.822353
0.602780
2.068787
1.980575
4.413822
3.741805
2.668670
2.823004
-8.963863
2.224113
2.087337
2.843564
2.976086
1.690029
1.309478
2.746953
4.897220
4.813620
2.744391
2.245836
6.514516
7.972439
2.827220
3.581999
1.412941
-1.434186
-2.896216
-0.133794
4.421422
2.018642
2.817921
-1.797319
-3.092955
-0.824738
0.112588
5.217678
2.194884
3.586940
3.029892
-2.600900
-2.028496
3.410991
7.529231
2.225298
3.565308
4.728512
4.596879
4.192278
7.542619
5.914952
2.726203
6.482551
5.304260
6.463110
5.245536
5.749861
7.111403
-11.467400
3.700766
-2.958136
-2.303389
-1.209707
-3.010551
-3.478846
6.289140
2.630660
5.985300
11.197945
11.859978
7.484062
4.251253
-2.361125
5.154836
5.727059
2.267318
1.642892
5.517722
8.005108
0.869952
6.019565
4.040790
1.280098
4.070147
4.287113
8.347456
-0.071779
5.549364
-1.616608
3.063035
3.592022
1.896362
5.662504
-0.060530
2.820362
2.816303
6.588916
4.111821
5.214625
3.458577
-2.280604
2.512576
2.050494
3.203151
1.062294
2.080413
-0.343410
-0.772057
-2.363730
-2.204893
-2.530488
-2.263806
-2.288421
-1.778283
-3.081928
-2.998094
-2.558177
-3.258532
-4.238523
-3.517049
-3.748525
-1.480511
-1.057490
-0.252977
-2.924084
-4.624167
-2.299011
-1.640691
-1.249435
0.466241
0.603052
-1.948922
-2.616574
-2.096749
-1.271192
-1.193806
1.514354
-1.115777
-4.618924
-4.766011
-3.957526
-1.646141
-1.616531
-0.369528
0.924339
-1.056225
-1.174360
-2.618632
-2.350816
0.691456
-2.997799
-0.486560
2.203349
1.442998
0.085000
-0.012145
2.698125
1.149817
0.425206
-2.848680
-3.075811
-0.707181
0.729242
0.857833
-3.651644
-1.955445
0.631345
3.321331
-0.152209
-0.797622
1.479908
-3.555768
1.244080
4.005157
3.384944
5.952052
0.856953
0.685855
-2.400128
4.388772
-2.849010
-6.577707
1.102893
0.239289
-0.607558
-2.656971
3.865329
2.753344
-0.240547
4.451548
-1.148743
0.563968
-2.337370
-1.212518
4.284643
4.864455
4.357927
-1.753730
-2.107424
-2.104145
-3.909847
-4.091593
-2.746344
-3.220788
-7.084182
-6.461239
-1.996235
-1.628859
-1.456342
-1.224668
-2.276258
-2.965269
-0.677321
1.426217
0.915782
-1.752495
-0.804007
-1.268889
0.441119
-0.840387
0.849700
-2.197886
-5.522798
-4.585991
-4.720143
-1.351462
-1.376519
0.500463
-4.901275
-5.065219
-1.204471
-4.142001
-1.104794
-1.572517
0.275385
-4.410217
-7.294990
-4.692719
-6.181361
-0.333065
-1.301167
1.905947
0.288065
-4.907935
-5.342382
-3.145827
0.851717
-3.471663
0.224435
0.802007
0.869802
1.533904
1.424265
-0.145746
8.030193
0.254459
4.208494
2.282544
-0.568685
1.753982
3.393338
-1.597864
-2.957110
-5.112324
-1.801329
-4.511110
-6.836475
-4.522738
5.216187
-5.146750
-3.221765
2.105412
-1.652464
-0.956558
-6.429061
2.233826
-5.034485
0.177807
1.231297
-1.413907
-0.669373
-5.285887
2.765631
-7.565189
-0.366751
0.992121
-2.486807
0.066839
-6.143532
3.361796
-4.227447
-4.382885
1.677317
-0.814756
-1.246087
-2.505515
4.169366
-1.679458
0.638211
-2.936660
-5.263223
-1.749517
-1.153421
-4.877488
5.065499
-3.128831
-0.777640
1.198180
2.111401
-4.146059
8.647942
3.260673
0.331666
2.167621
2.691390
5.425642
0.164466
-3.907262
-1.680675
-3.055202
-1.735268
-1.481973
0.649250
-2.090819
-1.683962
-1.431706
-4.208478
-2.965475
-0.114250
-1.213649
-1.683924
-2.070273
-1.549971
-5.740593
-4.889073
-1.578468
-1.639440
-2.216524
-1.948712
-1.071689
-2.464257
-2.963119
-1.108482
-1.065333
-3.061661
-0.190807
3.987940
2.642864
5.017357
6.051934
4.086531
4.923478
-0.574328
2.356302
1.423897
0.690911
0.730768
0.179047
0.715274
4.497893
0.374885
-0.751892
-2.993339
-2.853032
-3.807875
4.588621
2.308432
0.643871
4.683755
-0.888555
-1.315271
-0.297288
3.440207
0.885415
-0.360044
2.477252
1.145113
-1.746918
0.977513
2.465158
2.259618
1.354934
1.442880
-0.127682
0.661028
1.753413
2.933281
2.447360
0.897271
0.911378
-5.454278
-2.450558
-0.409001
2.130009
-0.428371
4.372085
1.626543
-2.177124
-1.890790
-0.886936
-0.041178
11.175332
-1.232002
7.593095
4.532537
3.615438
4.750946
6.075703
-5.981951
-1.548556
0.839499
-4.610161
-8.951263
-3.199768
-2.281190
5.204864
-1.938347
1.692901
-0.676280
-2.187659
2.256740
-1.010491
2.897725
-0.433064
5.533148
0.090025
-0.676612
2.116952
-0.599028
3.396974
-1.979639
3.860007
0.109935
-1.049691
1.331567
-1.455795
2.762401
-1.919054
-0.461998
-5.000284
-3.920750
-0.296127
-0.850732
2.349466
-0.392243
1.328276
-1.114580
-1.550859
0.485249
-0.581523
-5.196991
4.402993
-4.082994
-1.586478
-1.056246
-1.498816
-7.958057
5.934456
-1.172505
0.639512
5.072237
4.752195
4.780434
-0.296808
-6.367874
0.207361
0.101811
2.125990
2.417848
0.907329
0.410122
-2.982535
0.191513
-0.415419
-3.288359
-5.890736
-0.402278
0.198789
-5.231245
1.755583
-1.254277
-1.084678
-3.540343
-0.520819
0.681268
-4.990952
-0.136277
2.309611
3.432601
4.276740
4.353891
0.487491
-6.218742
-2.845190
-0.761358
0.163174
-0.612590
-0.835248
-5.828743
2.763156
0.643840
0.245829
-1.030580
-1.224218
0.440748
1.880035
-3.718805
-1.812604
-3.241526
-5.023073
-5.501739
-5.342071
-2.896432
1.025623
-2.174128
-2.494146
-2.144059
-3.353172
-2.667892
-4.710882
0.739588
-2.005054
2.119178
-1.129396
0.731066
0.099578
-2.890004
1.070078
-3.823964
0.816826
1.028524
1.295678
1.390066
-2.111390
0.033637
-3.471578
-2.522857
-1.067773
-0.693506
-1.547058
-3.544690
-0.981643
-1.671574
-0.899677
-1.704795
-1.253752
-0.546547
-0.570301
-8.731019
-4.710022
-4.098150
-3.367869
-2.055973
-3.980809
-5.863561
-3.573637
0.710493
2.183195
1.483067
-0.957189
2.896147
-0.102948
-3.762758
2.078851
1.776912
1.612983
1.444026
3.034548
1.811501
-1.874570
2.448341
1.723892
1.845413
1.976945
1.782487
2.496894
-1.930295
4.097026
0.858834
1.908421
2.416497
2.865203
2.695885
-3.253440
3.759820
5.609657
-0.525918
-0.371269
1.715191
1.503820
-6.401412
-2.205778
-0.063354
-0.654268
-0.592568
-0.156634
-1.170026
-3.645288
-3.290970
-0.630272
2.323827
1.845049
1.187417
-0.175594
-2.209314
0.013296
4.592225
2.393293
-0.097811
5.321712
4.109106
0.731113
3.960778
6.338838
2.226468
-0.302719
1.980722
5.087497
-0.264476
3.363013
3.391889
0.333678
0.004973
1.280044
4.221112
0.516380
2.423779
3.912088
0.670852
-1.124175
1.635356
4.038633
1.699429
-0.411086
1.630490
0.748217
-2.015845
2.118132
3.407532
-0.142759
0.162337
-0.277828
-0.274296
-0.454913
1.007755
-3.708980
7.697933
1.419958
0.941245
1.271091
0.438607
2.208566
7.165177
1.890986
-1.099726
-2.923842
-3.781381
-4.338625
-2.697486
0.750662
3.202546
-4.306392
-3.708395
-2.057546
-0.929758
-0.023212
1.492379
1.791666
-5.051704
-1.449566
-0.588188
-1.281619
-1.033873
0.581163
1.099367
-6.230792
0.220777
-3.447063
-2.195178
-0.774910
-0.526009
1.472394
-6.104008
-8.250450
-4.319426
-0.181544
-2.749889
0.241150
6.755292
-0.696324
-5.000005
-9.036657
-9.716633
-6.608644
7.178176
-1.631648
1.126102
0.167297
1.619222
2.685922
2.116016
-0.248017
1.404248
0.599276
1.470440
1.985245
0.900418
2.209321
0.127860
1.476962
1.873434
-0.973544
-2.361371
-3.093540
0.125940
1.517040
1.059782
2.897612
-0.021040
0.308833
2.056248
2.234214
3.548859
1.434958
3.495194
1.366137
0.131212
0.748281
0.570831
1.760147
3.557887
4.786439
4.639853
3.276516
5.504753
0.678704
1.108729
2.419527
1.147798
0.723802
1.735811
1.497327
0.190150
1.522925
4.395411
-0.164857
3.917941
2.768838
2.490357
3.565674
3.731397
-0.818924
-0.945697
-1.407630
0.423575
-0.101200
-1.803683
-2.463233
3.117874
-2.746598
-1.145358
3.550843
2.721947
0.548812
-2.155071
3.281985
-2.449069
1.227657
1.061386
1.900903
0.633448
0.003219
3.015073
-1.567247
4.421832
3.879572
3.924238
1.500250
-0.705803
1.795933
-1.136251
-2.023097
2.005679
3.711195
-1.810439
-1.726743
2.793671
0.966893
1.883487
1.858303
3.064933
0.920346
3.381714
13.224939
1.017456
2.070921
-0.423905
-1.867369
-0.087605
4.155321
4.904517
-0.934064
-1.370589
-1.917425
-4.858673
-1.433058
-0.772320
5.563938
-1.650164
-1.411194
-0.983484
-2.179875
-2.182920
0.108426
5.581203
-4.041093
-3.549293
1.149978
0.459511
0.669313
0.735450
5.550637
-2.097683
-1.004325
0.045823
-0.318917
2.059170
0.189470
3.729012
0.277869
0.454757
-0.786965
-1.968696
3.068035
-0.262138
3.883767
-2.783725
-3.067754
-3.268814
-4.121178
-3.133507
-2.350709
