-1.948528
-0.853000
-0.422944
-0.433784
-0.578591
-0.489743
-1.514765
-1.220410
-1.489047
-2.183842
-2.511567
-3.071435
-3.432600
-2.317886
-0.621192
-0.668927
1.382734
3.094633
2.997699
2.289188
-2.337266
-0.486305
-1.001198
1.721698
2.201681
2.677557
2.742518
-1.606546
-0.415974
-0.085624
2.254229
2.002654
2.399312
1.795320
-1.211780
-0.417936
-0.096873
0.405679
-0.391538
-0.352561
0.488032
-1.268599
-3.138016
-1.974448
-1.083174
-1.517800
-1.766683
-1.833213
-4.423954
-1.551837
0.693163
0.705969
1.261239
1.646792
1.210243
0.456050
0.638419
2.886468
2.994773
2.884260
2.291347
2.665301
3.277039
0.398495
2.878664
0.859897
-0.876787
-0.180826
0.315093
3.909382
0.394631
1.717928
-2.488405
-1.600796
-0.368373
-1.659546
1.852791
0.354550
2.804315
-1.180283
-2.233596
-0.569443
-1.627429
2.509506
0.445471
3.452931
2.275501
-1.381587
-1.011256
0.952522
2.519718
0.708288
3.623119
3.032287
2.658164
2.592880
2.922498
2.705480
0.854209
-0.172196
-0.209479
-0.944954
-1.449539
-0.751244
0.525933
-1.635450
-3.810677
-4.569997
-4.729448
-3.715628
-4.302158
-3.475452
-1.453934
-4.110183
-2.611993
0.029518
1.476023
-0.323063
-2.810917
-1.386618
-3.511524
-1.333876
-1.958777
-1.964412
-1.233819
-2.333093
-0.999378
-3.288982
-1.263163
-1.457911
-1.874530
-2.332143
-3.352904
-1.255814
-3.376714
-4.311896
-2.521368
-2.502369
-4.651804
-3.320728
-0.657884
-2.025885
-2.210135
-2.944906
-2.975462
-3.047580
-2.024800
0.471597
-0.109063
0.180044
0.160655
-0.068206
0.237566
1.510759
0.465067
-0.349108
0.463577
3.370614
5.138149
5.287268
1.070846
0.784701
0.355393
4.539426
5.328469
4.238268
6.905994
3.563513
0.873919
1.481016
4.301239
3.809921
3.472308
4.688224
4.313929
0.851174
1.249642
4.523194
4.019468
4.404233
5.203521
3.217388
0.455466
0.571018
2.689617
5.158523
5.318254
4.998789
1.567515
-0.251419
-0.113144
0.123931
1.673174
1.937078
0.996645
0.237380
-0.265332
0.053803
0.001869
-0.511355
-1.126615
-0.335393
-0.918887
-0.147458
-0.851001
-2.068649
-3.399596
-3.890482
-1.023824
-1.076437
-0.559220
-0.945150
-1.214328
-1.565847
-2.048426
-1.181232
-0.883906
-0.815909
-1.797845
-1.343482
-0.993113
-1.873971
-0.827010
-0.673558
-0.820951
-0.975255
0.515566
-0.833326
-0.991669
-1.784700
-1.381231
-0.930405
-1.099407
-0.820698
-0.770014
0.901371
-0.995211
-1.500673
-0.582986
-1.539683
-1.298119
-0.443999
-0.988177
-1.252176
-0.718416
-0.165002
-0.082395
0.302003
0.725617
0.929112
0.825989
0.976082
0.341155
0.412186
0.809379
3.241867
6.050119
2.538231
1.831500
-0.303949
0.153023
0.536482
2.655144
4.472322
1.813240
0.294610
-0.467825
-0.450746
0.317054
-0.151640
0.447050
-0.795517
-0.956986
-0.642963
-1.815295
-2.273956
-0.999090
-0.729761
-2.438357
-1.093187
-0.701143
-1.640549
-2.034687
-0.435645
-2.214616
-2.642853
0.110803
0.441189
-0.659989
-0.003540
-1.322644
-0.919320
-0.556144
0.312835
-2.123403
-2.196049
-2.097290
-1.927037
-1.008665
-1.903759
-3.122013
-2.256176
-2.578609
-1.470123
-1.805716
-4.452876
-1.276676
-2.598318
-1.752436
-1.867909
-1.439555
-1.534079
-4.491143
-1.629096
-1.499066
-1.872418
-2.104810
-1.585650
-1.039772
-1.995399
-1.690952
-1.017153
-1.666939
-0.809866
-0.221335
-0.259762
0.080020
-0.455117
-1.193439
-2.049829
-2.308026
-1.956746
-0.819971
-0.148988
0.835670
-2.309452
-4.003016
-2.945772
-1.833875
-2.388896
-2.602744
-1.612214
-4.075506
-2.224900
-2.897885
-2.589282
-2.427566
-2.468457
-2.452391
-3.428143
-3.372458
-3.254288
-1.783978
-0.035926
0.302031
-0.779470
-3.692786
-3.586064
-2.594499
0.919172
0.900471
-0.152024
0.973261
-2.299079
-3.409240
-1.169727
3.880557
-0.884997
-2.532938
0.556226
-0.579873
-3.204743
-1.551955
5.017919
1.014107
-0.671788
1.743159
-1.890446
-3.268592
-2.492990
0.811281
3.688704
3.657386
1.643787
-3.378884
-3.468164
-3.319711
-2.920475
-1.709094
-1.161872
-2.723692
-3.894054
-1.501208
-0.055200
-0.242438
-0.425918
-0.610001
-0.322855
-0.096368
0.631740
1.923029
0.419414
-0.740521
0.553382
1.625889
1.872802
1.098350
1.656578
-1.492132
-0.994232
0.387349
0.682002
1.475094
1.033110
0.592843
-2.579126
0.640233
0.406265
1.064382
1.403854
1.124812
2.008725
-1.275020
1.430089
1.830200
1.002053
1.662641
1.102904
2.320593
0.448217
-0.909606
-1.145798
0.670429
2.418300
0.147156
2.568983
1.250494
-0.246224
-0.087219
1.243121
2.745251
-4.822411
-3.388439
-2.922160
-3.220469
-3.558697
-3.352084
-3.531757
-3.941956
-4.306988
-4.573298
-2.732603
-0.340979
-3.592816
-4.466152
-3.644009
-3.954539
-3.535349
-1.454162
-0.222550
-1.346742
-3.955147
-3.445871
-4.036786
-2.272052
-2.129780
-1.771485
-1.775581
-2.622435
-3.589685
-4.155907
-1.875922
-1.922736
-1.570515
-2.670604
-3.989861
-3.693270
-4.176266
-3.845419
-1.316559
0.575730
-3.033232
-4.459046
-4.241036
-3.405007
-3.321333
-3.057241
-2.448015
-3.285213
-4.109596
1.063729
-0.860136
-1.057548
-1.346559
-1.375705
-1.155489
0.194575
-0.544647
-2.192959
-1.957399
0.649818
2.751276
-1.475623
-2.607808
-1.479254
-2.417771
-0.890756
2.554751
4.007257
1.427612
-3.281288
-1.488700
-1.712310
0.013765
0.376788
0.872434
0.411700
-2.263381
-1.390158
-1.745231
-2.362097
0.255864
1.120549
0.211533
-2.373892
-1.558403
-2.508421
-1.605599
0.287479
1.387326
-0.677687
-2.038318
0.312291
-1.487160
-1.251094
-1.199189
-0.846123
-1.646065
-0.506756
0.293899
-1.165959
-1.132293
-0.743608
0.382806
-0.634343
-1.597967
-1.125110
-1.641909
-0.150370
2.895120
4.184572
2.235609
-0.811200
-0.712463
-0.364481
0.249014
-0.427406
-0.507417
0.721723
-0.471942
-0.699980
-0.624710
-0.115965
-3.025524
-3.449706
-1.393546
0.684169
-0.862145
-0.404989
-1.347322
-4.769287
-4.069263
-2.203393
0.218073
-1.272294
-1.858569
-0.761509
-2.023496
-1.427409
-0.449844
-0.832561
-0.530685
-2.735642
-1.714342
-1.358816
-1.396616
-1.185285
-0.946286
1.120119
1.470238
1.470615
2.096893
2.026737
1.421964
0.687283
1.282706
1.114322
0.547115
0.200229
-0.102778
-0.597162
1.956134
1.063702
0.791698
-1.550453
-1.842573
-0.725553
-1.848401
2.631752
1.100945
1.903949
0.567915
0.641756
1.126085
0.704036
1.510685
1.257999
0.973904
-2.512865
0.352318
1.947714
-1.517461
0.382432
1.369915
1.454981
-0.503822
-0.080935
2.389436
-0.936382
1.614878
1.178167
1.825991
0.710819
1.625574
1.353312
1.058800
1.481014
2.710486
1.501944
1.522852
1.003773
0.873851
1.867177
3.765095
1.861064
1.694600
1.170907
-2.398765
-4.212682
-0.436560
1.918222
1.756196
1.333879
-0.070310
1.045502
1.127364
0.394524
-0.112175
1.765405
0.755449
-0.167345
0.662687
0.938108
0.677218
0.109465
1.763644
2.242767
-1.823247
-1.218265
-0.114089
-1.283676
0.079142
2.000390
1.985636
-0.801917
-5.142542
-3.754836
-2.489614
1.750055
2.871405
2.161975
2.099814
0.882652
0.761149
1.685773
3.383457
4.910163
4.277890
3.805566
3.392280
3.011853
3.214049
3.846156
4.261664
2.268436
-0.393741
0.837562
1.317848
-0.906886
1.064963
3.647523
0.571424
-0.610179
2.042628
3.257230
0.031676
-0.593753
3.587409
-0.603909
-1.621898
1.674447
3.272326
-0.116637
-1.182727
3.876437
-1.041667
-3.318156
0.265136
2.270011
-1.203471
-0.189783
4.028474
0.896067
-2.784356
-4.105792
-2.223458
-2.837998
0.892274
3.427079
1.941018
0.948850
-1.452232
-1.340097
0.339297
1.691702
-0.553799
0.638956
0.485876
0.335644
-0.012851
0.534525
1.263831
0.280509
-1.161138
-1.320618
-2.479747
-3.559920
-3.192591
-1.568122
-0.344406
-1.529001
-2.275711
-0.141702
0.483744
-0.675519
-2.908257
-0.711233
-3.784355
-1.907876
0.558416
1.303857
0.432074
-3.055846
-0.619523
-2.022706
1.950046
3.202564
3.158591
2.086964
-1.764895
0.045691
-1.004049
-0.734981
2.560477
0.587507
0.537200
-0.447335
1.357302
1.285255
0.802793
0.719331
0.573502
0.643751
0.640343
-1.069162
-2.472356
-2.012877
-1.481078
-1.447043
-1.808714
-2.878371
-2.890646
-2.498665
-2.078753
-3.830050
-5.209750
-3.890346
-2.757524
-2.634637
-2.050533
-3.067952
-2.126432
-1.564685
-4.210456
-4.467404
-2.447069
-2.649732
-4.076507
-1.908443
-1.867183
-2.988338
-4.182595
-2.525737
-2.462609
-3.650119
-2.298667
-1.272708
-1.624932
-2.197069
-2.643052
-2.212571
-2.490877
-1.812346
0.592312
-2.285094
-2.342366
-2.670267
-3.156026
-2.525949
-2.474822
-1.640335
-2.546645
-3.453479
2.962673
1.089374
1.402530
1.693507
1.761644
2.126658
3.312312
2.710805
1.787024
1.920430
1.521482
0.761065
1.118262
2.570928
2.310353
0.606588
0.729164
-0.945908
-1.718475
-1.431583
-0.960697
2.264236
-1.309458
-3.014055
-0.821556
-0.766899
-1.574530
-1.472239
2.307642
-0.142517
-0.513929
-1.031994
-0.947317
0.221359
-0.338537
2.317942
0.362190
0.160940
-0.153734
-1.646450
0.701054
1.021755
2.288054
0.881815
1.133954
0.694866
-0.164679
1.506961
1.517581
3.586830
1.948789
2.150642
1.919875
1.520021
1.847067
2.074129
1.389084
0.055405
-0.085473
-3.772066
-5.518698
-2.143192
0.489040
1.301750
0.203077
-1.294997
-3.218199
-3.714351
-2.931999
-0.327982
1.273836
-0.790853
-4.402358
-0.953307
-0.609632
-2.065104
-0.826212
1.449235
-0.155099
-3.726046
-2.378907
-2.176195
-3.033592
-0.310642
1.366989
0.472565
-0.563028
-4.473355
-5.693807
-3.214704
0.621017
1.847839
0.687785
0.800631
0.027210
-0.050506
0.290800
0.900251
1.974988
1.402720
1.379822
1.219144
0.275679
0.834124
2.577003
2.647923
0.436181
-0.924300
-2.337518
-2.400770
-1.474654
1.439040
2.119533
0.453619
0.542943
-0.405979
-0.116839
-0.373830
-1.218726
2.103055
-0.559681
-0.120739
0.399776
1.487936
-0.238556
-2.274602
1.904296
-0.524160
0.286892
0.488110
1.233364
-1.222086
-0.944709
2.140717
0.238340
-0.465759
-2.084515
-5.194847
-1.278176
0.541823
2.850003
1.717800
1.172569
0.104562
-1.033817
0.530495
1.050084
0.780059
1.033448
1.428775
1.111395
0.859381
1.462379
1.498221
1.279813
1.067721
0.043591
-3.301160
-3.433135
-1.623406
1.776796
1.429580
1.005384
-0.749420
-2.622989
-4.234089
-4.351143
-0.913146
1.580894
-0.051859
-1.066384
-1.058679
-1.923856
-1.983982
-1.227962
1.162462
0.486151
1.591732
0.216246
-1.601580
-0.495796
0.532862
1.197755
0.408257
0.043509
-4.199590
-4.638472
-1.079500
1.874549
1.525187
0.865948
0.809753
0.095592
0.492396
1.018803
1.296630
0.642169
0.527305
-0.519398
-0.883625
-1.320592
-0.799140
-0.187784
1.110751
2.400212
1.226468
-2.300321
-4.146126
1.082848
2.438103
1.269676
2.371855
1.728683
0.900443
0.196686
1.211840
3.029716
1.504907
2.629456
0.932813
1.715760
1.104358
2.303706
2.729559
1.623315
3.113850
2.192902
2.841428
2.247802
3.369210
3.765509
1.516132
3.143817
2.832724
1.970246
0.984636
3.467752
3.687294
1.744889
3.197156
2.038126
1.734866
1.467022
2.350845
2.499258
5.481409
2.055201
1.988232
2.074675
2.025454
2.460621
4.274678
1.717070
0.203884
1.176582
0.207321
-1.937631
0.357619
2.079837
1.249146
0.421752
0.573014
-0.569888
-0.878570
-0.811660
0.274813
1.277342
-0.066996
0.081589
1.264382
-0.088141
0.048894
0.677499
1.221372
-0.819563
-1.024043
1.006237
0.956730
0.388845
1.760050
1.421708
0.101821
1.348176
1.319230
2.498866
0.441086
1.934840
4.930505
1.729227
1.541925
2.855096
3.090215
1.831133
4.470075
4.736743
1.052650
0.854155
0.635187
0.272838
1.049974
3.408922
0.982348
-1.331248
-2.285473
-2.810991
-2.094733
-3.239406
-0.983323
0.255299
-1.663460
-2.470340
-2.285462
-1.177554
-3.152137
-2.023919
-0.030192
-1.377584
-3.315743
-2.182991
-1.793739
-2.714334
-2.470984
-0.323168
-1.313415
-4.151418
-3.504664
-2.724771
-3.631044
-2.048792
-0.107859
-1.404508
-2.368655
-4.967528
-4.865088
-4.281195
-1.163521
2.823925
-0.809033
-1.126006
-1.689033
-2.243295
-1.065534
1.339917
-0.139221
-0.240355
-0.743117
-1.125504
-1.104261
-1.108868
-0.507881
-0.385225
-0.553509
-1.318267
-0.827387
0.429201
-1.156233
-2.747312
-0.923136
-1.263359
-0.262825
1.371340
2.330237
1.936041
-1.261521
-0.946796
-1.502979
-1.784899
0.957843
2.304961
0.893334
-1.726706
-0.805149
-0.836467
-1.127512
1.368762
1.675340
0.487592
-1.770424
-0.714005
-0.021237
-1.297913
-1.782347
-1.720243
-0.706919
-1.879760
-1.967979
-1.096960
-1.878991
-2.260126
-1.794513
-2.347321
-3.390620
-6.111313
-2.695506
-2.454788
-2.573617
-2.626333
-2.380473
-4.613244
-2.026903
0.274490
-0.327213
-1.380130
-1.540164
-2.051513
-0.720636
-1.986932
0.697806
0.274616
-0.224525
-0.719602
-0.100094
-0.753005
-1.732828
1.034656
1.504628
1.452112
0.582363
0.625912
0.123942
-1.733173
0.048779
0.670752
2.534471
2.361910
1.640797
-0.880775
-1.512183
0.706304
0.083598
1.703939
3.115351
1.503572
-0.658901
-2.358434
-0.146746
-0.328503
0.289425
-0.198684
-0.505226
-1.091780
-2.598563
-1.595655
-1.473439
-1.476417
-1.201053
-1.176651
-2.136273
-2.127583
-1.683337
-0.943981
0.846305
2.909397
0.417337
-2.277616
-2.644276
-2.411442
-1.305323
0.856526
1.497225
1.147368
-2.124740
-2.666932
-1.065219
-0.252872
-0.242883
-0.392051
-0.083541
-2.129067
-2.511456
-0.814126
0.516049
1.086447
0.480332
0.255508
-2.668269
-2.354883
-1.290846
1.448112
3.271814
1.964170
1.359626
-1.629714
-2.447797
-1.129006
-0.704534
1.031331
1.379852
-0.350095
-1.972507
1.135292
-0.223792
-0.040122
-0.216338
-0.584846
0.202777
0.554443
1.282551
-1.079954
-1.195950
-1.711514
-3.347059
-1.266214
-1.297514
0.995046
-1.243077
-2.075828
-2.423430
-2.836883
-1.275116
-1.273312
0.959291
-2.604310
-0.927934
-0.635993
-0.679936
-2.199166
-1.447674
0.781131
-3.706636
1.559382
1.232961
-1.308977
-0.779580
-1.898964
0.793178
-2.360218
-1.809998
0.510304
-1.496533
-1.102708
-1.951755
-0.257413
-2.030813
-2.096097
-1.123276
-1.305884
-1.663009
-2.391548
2.740247
-0.195541
-0.239760
0.028868
0.060704
-0.077191
0.383654
0.404817
-1.351300
-1.779149
-2.092502
-3.812272
-3.089996
-1.697951
0.873292
-0.893091
-1.506639
-0.746372
-0.604035
-0.815935
-1.164291
0.877165
-1.653487
-2.998639
-1.224629
-0.445177
-0.739094
-1.181182
0.756430
-0.781155
-4.547956
-3.258579
-1.124401
-3.454361
-1.931777
0.686333
-0.612803
-1.795799
-5.280534
-5.990334
-4.351348
-1.229638
2.199328
-1.145866
-0.815933
-2.996822
-4.763868
-1.827563
0.016726
2.983379
0.554690
0.559867
1.708977
1.763173
1.054289
1.593279
0.846433
-0.620004
-0.016449
0.041680
-0.638199
0.852034
1.518876
0.415761
-0.669447
-1.289969
-1.597307
-1.829147
-2.531636
1.029947
0.529196
0.461329
-0.175893
-1.838388
-1.815959
-2.891038
-0.179818
0.492604
0.539874
-1.056874
-2.468988
-2.452574
-2.343651
1.268871
0.778024
-0.667388
-0.868890
-1.631530
-1.580696
-0.683029
1.556005
2.692856
1.809709
0.901871
2.330339
2.217121
1.356637
2.300228
2.287283
0.012840
-0.197690
0.254349
0.251403
-0.235864
0.336388
-0.150533
-0.425504
-0.605723
-2.555362
-4.486205
-0.755533
-0.577621
-0.847015
-0.005316
0.277583
-2.488101
-3.781010
-2.256830
-0.251782
-0.572820
-0.021301
-1.124357
-1.544851
-1.826535
-1.810385
-0.383143
-0.385133
-0.139945
0.682763
-1.083731
-2.280553
-0.195955
-0.160882
-0.498023
-0.095394
0.314547
1.370125
-0.933045
0.504010
-0.546578
-0.429314
-0.588922
-0.692539
1.609566
1.503243
-0.536851
-1.245999
1.817535
0.707605
0.425369
-0.101499
0.228992
-0.071580
2.315744
2.276888
1.391160
1.574642
5.572423
8.774632
3.590925
2.272308
2.255264
1.473728
3.591127
4.092193
5.367252
4.674761
4.627106
1.879997
3.532465
5.037285
1.882597
1.014610
3.874503
5.614439
1.769552
2.878908
3.656196
2.253918
1.607922
3.637402
4.111931
2.032377
1.901749
3.053483
5.633820
4.207948
2.861321
3.018978
3.048464
0.523228
1.029306
1.643310
2.465644
1.377413
3.847087
0.004132
0.472278
0.819315
1.293595
1.317998
0.579970
0.517624
0.014441
-0.524215
-0.237471
1.635064
1.791700
0.489288
-0.553322
-0.170658
-0.227696
-0.373864
-1.480560
-1.160389
0.026490
0.237182
-0.391290
0.007298
-0.493172
-1.067695
-1.444018
-0.733920
0.180603
-0.264578
-1.616754
-0.891951
-1.334047
-1.356686
-2.234073
-0.627966
0.112633
-0.680242
-0.089265
1.553436
1.181507
-0.344935
-1.544579
0.841803
0.037060
0.328598
2.181935
1.855448
0.858070
0.152890
0.856959
0.107475
0.628144
1.657868
1.633161
1.287979
-0.035347
0.300729
-1.398173
-2.346256
-1.052311
1.501839
-3.031067
-0.618889
0.206093
-1.614559
-3.296302
-2.201737
-0.529957
-3.953127
-1.566841
0.384119
0.371650
-2.511266
-2.840981
-2.360012
-2.456681
-1.177166
0.413986
0.837740
-2.723981
-3.975708
-2.791408
-3.864945
-0.872948
0.724134
0.282110
0.628252
-2.587390
-2.279028
-1.747133
-0.012088
1.186191
0.505387
-0.123691
0.839786
0.147066
0.031001
0.423100
4.446583
3.363946
3.754292
4.207410
3.927228
3.546403
2.017641
1.389590
-1.875800
-1.850552
-2.171638
-1.619866
-3.408102
-1.576964
1.559132
-1.160455
-1.340020
-0.003636
-0.082107
-1.483117
-1.206619
1.515114
-1.346929
-3.013490
1.534144
2.738870
0.280560
-1.627549
1.570997
-1.113600
-1.957782
0.862269
2.932752
-0.073934
-1.991323
1.741179
-0.725270
-0.362776
-1.527476
-0.506181
-0.874383
-1.221669
1.696643
0.430919
0.408545
-0.931398
-2.040067
-0.607510
-1.659384
-3.464193
-3.412195
-3.098557
-3.496675
-3.633408
-3.446814
-4.094277
-3.612642
-4.321803
-3.835173
-2.884986
-2.995246
-3.827322
-4.604323
-3.314514
-3.943239
-2.197462
0.279303
-0.216301
-2.131151
-4.356002
-3.632719
-4.556865
-2.521753
0.433133
0.289898
-0.697130
-3.539681
-3.774032
-4.608083
-2.720414
0.993031
0.942948
-0.121661
-3.747404
-3.703854
-4.294531
-3.263323
-1.509277
-0.177330
-1.869924
-4.543292
-4.638493
-5.321300
-3.965695
-4.231935
-3.905598
-4.274917
-5.887848
-1.393979
-0.655004
-0.057377
0.250334
0.164661
0.197910
0.028626
-1.008098
0.285981
1.102074
1.327096
0.810175
1.155919
1.821880
-0.992737
0.738771
2.088578
-2.461512
-4.929101
-2.459604
0.460718
-1.055909
-0.124308
1.754067
-0.912867
-1.354399
-1.896373
-0.410035
-1.257981
-0.461197
2.415873
-0.532875
-2.337512
-0.041001
1.440851
-1.295420
-0.484612
0.746779
-0.326247
-0.249807
1.538176
1.070930
0.533007
1.250573
0.699919
0.153861
0.359855
0.606117
2.248928
0.920767
0.931283
0.945642
1.055660
1.192473
0.963140
1.049439
1.050436
0.826496
0.709290
1.096289
0.606413
1.672642
1.405686
1.213940
0.691885
1.599266
2.849076
1.634659
2.471775
2.143406
1.137656
-0.201108
-2.209353
1.766125
1.638153
1.787333
2.015131
1.051083
0.453208
-1.297278
1.646488
1.848881
2.218334
1.523306
0.890842
0.797490
0.714467
-0.526646
0.126524
1.780226
1.289403
0.555213
0.767924
1.015674
0.273970
0.309721
0.812753
0.811131
-0.694809
-2.303058
-1.692163
-1.441648
-1.511210
-1.542886
-2.179243
-2.124215
-3.012246
-1.877149
-2.836853
-2.676167
-2.646107
-2.399824
-1.934750
-2.675978
-3.240189
-0.572115
1.060260
-2.489272
-3.878659
-1.922943
-3.384320
-3.364934
-0.418963
-0.938426
-2.302009
-4.777005
-2.197921
-3.571493
-4.250350
-0.500862
-0.557049
-3.456839
-4.763751
-2.172041
-3.014529
-2.236655
-2.388523
-2.288555
-3.859463
-3.372566
-2.246314
-4.072704
-3.401258
-3.586603
-3.497162
-3.095702
-3.799459
2.877015
1.979601
2.441536
2.142825
1.743461
2.500769
2.843311
0.990047
-0.184277
-0.013099
-2.627874
-5.212816
-0.178978
0.387004
1.320526
-0.102051
1.696645
-0.327965
-2.839901
0.074976
-0.037830
1.539499
-1.058797
0.861629
1.159453
-0.055809
0.897386
1.102700
1.600986
-1.032845
2.595584
1.492682
0.182364
1.322133
1.007851
1.498156
-0.861329
-0.171743
-1.215932
-2.991066
0.451517
0.721112
1.764158
0.279915
0.259816
-0.628326
-1.000519
0.004759
0.772828
0.083296
1.501947
2.310870
1.199116
0.706558
1.630678
1.649189
-0.119596
-1.688566
-1.877286
-2.199973
-3.082661
-3.368902
-1.309744
0.524593
-0.600778
-0.446651
-0.928205
-1.915150
-1.133957
-1.214128
0.454364
-0.427407
1.399019
0.097122
-0.724411
0.489466
-0.089042
0.500801
-2.191359
-0.573943
-1.117149
-1.849030
-1.449552
-1.312063
0.107647
-1.768362
-1.218367
-0.946831
-2.692930
-1.727277
-1.688527
-1.689254
-2.518704
-0.861352
-0.218524
-0.773699
-0.842717
-2.054112
2.282518
0.888090
1.065674
1.387941
1.032592
0.864456
0.269870
0.226103
-1.697371
-2.134511
0.882303
1.948496
-2.071396
-2.619391
-0.123524
-1.711509
-3.086103
-0.188630
1.776032
-0.836952
-2.792485
-0.171787
-0.807212
-4.000212
-0.639606
0.027082
-1.284633
-2.884128
-0.001855
-0.728510
-5.969331
-3.117636
-1.002534
-3.514197
-2.480140
0.524476
-0.843421
-2.876360
-3.407989
-1.850377
-3.271147
-1.730205
-1.846404
-3.123283
-2.918130
-2.864962
-2.166592
-3.534105
-4.195110
-0.389366
1.440717
0.969770
0.591080
0.504705
0.774922
1.051390
1.132107
1.717927
1.987367
-1.016011
-4.803538
0.784548
1.953187
1.045125
0.953510
-0.336548
-0.786287
-0.517479
-1.188881
0.744308
0.967467
0.389283
-1.241530
0.494663
1.648610
-0.306666
-0.235609
1.152397
2.483020
-1.260796
-1.053118
1.113910
-2.104031
-0.053662
1.075788
1.577664
0.742734
-4.846888
-6.723151
-1.955873
1.205906
-0.387092
0.863932
1.310361
0.139150
-0.880308
0.800305
0.651475
-2.384614
-1.545094
-1.647280
-1.575314
-1.750193
-1.617247
-2.003638
-1.623982
-1.159258
-1.743337
-2.506824
-2.157412
-2.369645
-2.412468
-1.829092
-1.219491
-1.081841
-2.499620
-3.228001
-1.986778
-1.587600
-1.710092
-0.284357
0.256965
-1.471620
-1.313761
-1.978455
-1.478903
-1.682195
-1.047829
-1.941209
-1.618182
-1.776062
-2.401678
-2.574604
-1.631088
-0.698349
-1.661748
-2.825717
-4.682925
-2.920091
-2.110115
-1.996480
-1.069762
-1.300577
-1.792958
-2.143977
-1.836764
-2.339854
4.836734
2.884747
2.658141
2.102180
1.556436
2.541742
4.239876
3.618933
1.799860
0.358476
-2.357815
-3.229029
-0.215963
2.726850
2.687221
1.028971
-1.109012
-0.989578
-1.128366
-1.834267
1.064269
2.852405
0.804287
-3.110348
-0.188256
-0.151217
-1.074834
-0.158419
2.758019
1.732712
-1.703279
-1.037626
0.331775
-2.566730
0.231142
2.826552
1.649417
-0.252366
-0.912558
-1.286904
-0.847795
2.659595
4.360860
1.996289
1.317422
0.743471
0.674609
1.233573
3.380796
2.923900
2.837360
2.481974
2.460217
2.547171
2.698554
3.004309
1.400104
2.757609
3.076395
1.998275
1.194969
2.532975
3.713033
1.207073
3.047855
1.083627
0.379751
1.288009
0.738747
3.860601
1.173244
3.038291
1.375338
1.281882
1.641988
1.157871
3.242008
1.029672
2.882473
-0.639908
0.571209
1.206976
0.326997
2.940771
1.054505
2.751078
2.391259
0.299700
-0.680006
0.852238
3.407288
1.649870
2.177945
3.257732
3.184618
2.960437
3.384369
2.480721
2.939303
0.726266
0.275094
0.016282
-0.572011
0.069813
2.575727
-0.262847
-1.576192
-3.029674
-2.675424
-0.752345
-3.258826
-2.058654
-1.202907
-2.386726
-2.953370
-0.465301
0.904614
-1.400969
-2.214794
-1.283246
-1.192986
-0.664975
-2.722169
-3.289828
-2.551803
-1.130902
-1.215537
-2.236400
-1.330533
-1.912858
-2.234345
-2.746671
-1.950252
-0.834577
-1.593229
-1.690350
-0.694581
-1.134406
-2.363306
-1.578215
0.759555
-1.001513
-1.602069
-0.955197
-0.527766
-1.610713
0.592216
-3.295013
-1.438644
-1.287572
-0.808852
-0.509159
-0.827010
-2.534469
-2.578733
-1.618730
-0.584617
-1.807231
-1.918769
-2.171959
-2.061768
-2.318553
-0.961592
-1.431907
-1.871809
-1.517899
-2.157346
-1.964706
-2.376658
-1.409541
-2.242212
-1.095751
-1.623161
-0.761353
-1.710287
-2.221878
-0.987977
-0.940435
-0.398173
-1.226038
-0.399086
-1.435859
-2.334387
-1.146482
0.149275
-0.460511
-1.339887
-0.208755
-2.026702
-3.469778
-1.983268
-1.470675
-2.196629
-1.820433
-1.776575
-3.530602
0.304326
1.089232
0.546551
1.047785
1.335644
0.751810
-0.389488
1.488851
2.261204
2.206612
1.088755
-0.737390
1.905056
1.439424
0.836920
1.541753
2.403136
1.125304
-0.623113
1.013315
-0.210894
0.658827
0.727110
1.727459
0.430429
-0.681362
0.287707
-0.689629
0.782085
1.971931
3.214113
2.222708
0.689933
2.452723
1.052739
1.264892
2.227896
3.166435
2.121184
-0.370974
3.165371
1.600983
1.676199
2.745107
1.886695
1.480580
0.705570
1.914988
1.677030
-1.949043
-3.733324
-3.411011
-2.697469
-2.995480
-3.041790
-2.112025
-3.483202
-2.418951
-1.701086
0.356222
1.137358
-0.204022
-3.140621
-3.650635
-2.290988
0.395992
4.788677
5.561138
2.756680
-1.043855
-3.169467
-2.036369
1.212847
1.123924
0.893404
0.678467
-1.491328
-3.100089
-1.664394
1.965681
2.977128
1.281622
2.206442
-1.558536
-3.156843
-1.936722
-2.526256
-0.828018
-1.314240
-0.849531
-1.811507
-2.210313
-0.789644
-1.680197
-2.457169
-2.290961
-2.085400
-0.841475
2.164431
-0.209355
0.480657
-0.033303
-0.335561
0.444961
1.586143
0.312945
-2.175406
-1.351505
-2.001591
-1.250405
-2.165797
-0.838002
0.100791
-1.900699
-2.018094
0.191413
1.929574
-0.284948
-1.078820
0.207393
-1.843130
-1.422651
0.408448
1.265128
0.795078
-0.555211
0.159494
-1.972724
-2.565261
1.077176
2.035931
-0.161032
-2.173277
0.277443
-2.133891
-2.365801
-1.547546
-0.223604
-1.507787
-0.792943
1.710688
-1.366013
-1.205489
-1.588832
-0.909799
-1.218929
0.082140
-1.333315
-2.093198
-1.886320
-2.224450
-2.778872
-2.320570
-1.740694
-1.949418
-3.973925
-3.904906
-3.358744
-3.052286
-5.503754
-4.671879
-2.117855
-4.263494
-3.632948
-2.109779
-1.240779
-2.808480
-4.357967
-1.847767
-4.255548
-2.038215
-1.905426
-1.569913
-2.220701
-3.203867
-1.886465
-4.940310
-0.859041
-0.957249
-1.628811
-2.241450
-4.275659
-1.756925
-4.390524
-3.458900
-1.956417
-1.065839
-3.503838
-4.186247
-1.893103
-3.520446
-3.641129
-4.494073
-4.592321
-4.560562
-4.377749
-0.026312
0.223392
0.472372
0.030975
-0.191218
0.181657
-0.056896
-1.469830
-1.199980
-0.339816
0.633421
1.832996
-0.629819
-0.250713
-1.201589
-1.054985
-1.040935
1.511647
3.906492
0.844360
-0.372352
-1.004305
-1.305741
-0.486424
-0.675739
-0.085451
0.203051
-0.435464
-1.167147
-1.402959
-0.085142
-0.426704
-0.478344
-0.706588
-1.201701
-1.395205
-1.823101
-2.539260
1.523782
1.579375
-1.494273
-0.603846
-0.680392
-1.616956
-1.507945
-1.648609
-1.137051
-1.329112
-0.347796
2.583906
0.996270
1.162793
1.653762
1.885302
1.930098
1.311528
2.519825
1.311275
1.381269
1.235849
0.178684
2.785899
2.489111
2.134415
0.898672
2.151031
-0.161672
-1.853217
0.525057
2.209338
1.767081
0.308067
-1.000402
-0.346736
-1.209579
-0.354068
1.649528
1.856730
1.252515
-0.137122
-0.784941
-0.630773
0.461665
2.281684
2.299606
0.629232
1.044519
0.469364
1.027064
1.493524
2.271819
3.185226
1.743567
0.390931
1.108012
1.416518
1.103368
3.068980
1.377278
-0.224986
0.299237
-0.165971
-0.268905
0.270132
-0.832953
-0.548021
-1.367010
-0.926558
-1.774412
-1.798789
-1.456723
-2.324502
-1.194151
-1.762439
-1.347480
-0.341719
0.377815
-0.623127
-1.948043
-1.265427
-1.029225
0.560552
1.635602
1.891733
0.082512
-2.058673
-1.377234
-1.100595
0.704376
1.604651
1.746627
0.372657
-0.816833
-1.197408
-1.294538
-0.906730
0.034711
1.083529
0.728189
-1.319995
-0.657512
-1.916622
-2.089188
-1.080787
0.521892
-1.610744
-2.995935
0.236804
-1.117774
-0.825927
-0.739748
-0.949496
-1.081312
-0.913472
-0.863058
-1.957762
-0.212430
-0.676532
-1.267426
-0.621149
-0.593832
-0.681721
-1.129150
-1.276856
-3.437964
-4.536252
-3.337479
-1.073792
-0.210529
0.226251
0.048477
-0.181441
-0.307548
-1.516053
-0.288183
-0.161848
-0.499907
0.744989
-0.159948
-0.426316
-1.259371
0.465458
-0.404330
-1.231158
1.001687
3.114784
2.602361
-0.301296
0.220589
-0.516021
-2.018957
-1.002651
0.836750
0.299098
-0.793308
-1.569890
2.742566
1.392640
0.484739
-0.048976
-0.106611
0.176040
2.014860
1.048074
0.995791
0.021900
-0.402180
0.084702
-0.019821
1.165946
0.884182
0.772820
1.048319
-0.421857
-1.752871
0.980502
0.541446
0.994662
0.270993
-1.607198
-0.299494
-0.450003
-0.335834
-0.471694
0.958799
2.065690
-0.200194
-0.151121
0.478617
1.021369
1.079882
0.871874
1.736520
2.523831
2.328993
2.632018
2.039958
1.686088
1.917868
1.131050
1.039643
1.477687
1.473463
1.464028
2.279493
-0.683023
-0.944134
-0.774008
-1.086683
-1.184406
-0.941820
-0.184702
-1.797819
-2.024895
-1.902737
-1.023701
-0.155937
-2.442642
-2.494177
-1.253994
-1.993101
-0.576849
-0.354618
0.889688
-0.954372
-1.735926
-1.211613
0.142933
4.123875
0.770967
0.699331
-0.189795
-1.125650
-1.216223
-2.068367
4.116166
2.204926
1.183617
0.846096
-0.964283
-1.389956
-2.005823
0.884792
2.842022
0.976246
0.006260
-1.620888
-1.150265
-1.991316
-1.911001
-0.960291
-1.242571
-1.868792
-1.843805
-1.663905
0.028401
-0.399756
-0.230244
0.167664
-0.061986
0.351574
-0.491823
-0.492659
0.047162
3.757051
5.223697
1.661997
0.286333
-0.897293
-1.815620
-1.616904
-1.281775
-1.194332
-0.298294
-1.197765
-1.084253
-1.609150
-1.024572
-2.746238
-3.167654
-1.794077
-0.952656
-0.860270
-0.135646
1.575906
-0.820684
-1.801201
0.443213
-0.075872
-0.674348
-0.888857
0.123388
2.641189
1.767032
2.433331
0.124229
-0.186288
-0.211657
-0.776420
0.253472
0.485930
-0.016271
0.760275
0.200396
-1.039355
-0.430029
-0.010248
0.075961
-0.063632
-0.580723
-2.544688
-2.515597
-1.188039
-2.882145
-3.496264
-2.466571
-1.677495
-2.281906
-1.514169
-3.288152
-2.435169
-1.620121
-3.287488
-2.414782
-2.152680
-1.326387
-2.619148
-2.403291
-2.645512
-2.941035
-3.507508
-2.176614
-0.990555
-1.055924
-2.512126
-2.555627
-2.649029
-3.107842
-2.265852
-1.854093
-0.903700
-0.892328
-2.106825
-2.365239
-2.895798
-2.605509
-3.361050
-2.276371
-1.528429
-1.782969
-1.971512
-2.441845
0.511900
-0.831382
-0.501523
-0.167330
-0.184637
-0.526883
-1.426220
-0.935848
-1.189978
-0.846414
2.999815
6.688952
1.256013
-1.226496
-1.162596
-0.420372
-0.543061
0.551444
2.427072
0.805639
0.897053
-1.089639
0.389396
0.119112
-1.907644
-0.795717
-1.314998
0.301169
-1.142218
0.554349
0.206526
-2.024286
-1.492273
-0.874257
-0.951900
-1.096629
0.266663
0.970718
1.023137
0.300171
0.562521
-1.403902
-0.542737
-0.819716
-1.070856
0.054464
-0.087709
-0.595482
-1.255359
-4.762038
-2.989743
-2.366862
-2.308794
-2.161496
-2.023932
-3.182804
-2.336020
-0.503342
0.513690
-1.424459
-3.100348
0.231215
-1.122735
-1.855848
0.034218
0.340115
-2.705691
-3.929611
-2.201101
-0.984316
-1.847294
0.911154
0.688669
-0.037049
-0.616007
-0.713980
0.011375
-1.836259
1.741838
0.687656
-0.825557
-0.610454
-0.903480
-0.242107
-2.090299
0.714962
-0.231415
-3.291434
-4.277460
-1.955690
-1.012200
-2.767883
-1.168412
-1.580488
-1.669866
-2.089178
-1.951512
-2.308492
2.482962
0.841438
0.638134
0.594240
-0.056615
0.771997
1.503073
1.028574
-0.356672
-1.423687
-1.550106
-0.839750
-0.789982
0.476409
0.284655
-0.741190
-0.319954
-0.509062
-0.595421
0.063626
0.109149
0.311018
-1.182556
-2.352479
-0.264455
0.097095
-0.948089
-1.539414
0.106967
-1.481460
-1.528243
0.360241
0.656427
-0.146986
-0.087259
0.509410
-0.100571
0.485237
-0.131129
-0.869200
0.494360
1.046013
1.702117
0.560675
-0.514550
-0.371426
-1.296679
-0.718170
0.400923
-0.741615
-0.126264
-0.173468
-0.200852
-0.513679
-0.570869
-1.059529
-0.730106
-0.809659
-1.323841
-4.249744
-4.944191
-2.393866
-1.278976
-0.410036
-0.547820
-0.370441
-0.667040
-1.614444
0.024289
-1.398414
-0.468286
-2.114462
-2.507618
1.878265
2.327067
1.022945
-1.424150
-0.500585
-1.471848
0.825737
3.427253
2.630284
2.727180
-0.942855
-0.316967
-0.909937
0.632923
2.063437
-0.139360
0.811409
-0.678107
-1.184485
-0.028450
-0.071376
1.256545
0.957551
0.301599
-0.923586
-0.799852
-0.329011
-0.738418
-1.239775
-1.187860
-1.168838
-0.051165
-0.201421
1.042294
0.287591
1.367676
1.292969
0.344721
0.126283
0.145324
0.814889
-0.163797
-0.077525
-1.370885
1.488285
1.070433
0.430753
1.594814
1.244429
0.539857
0.544760
1.807465
1.149661
0.476849
1.261039
0.639468
-0.109445
-0.346105
2.171051
1.130227
0.397676
1.968942
0.951711
-1.195667
-1.049899
0.689266
0.588310
-0.155438
1.607131
1.151289
0.238220
0.077444
1.126265
0.969109
1.479644
1.996781
2.682074
3.716475
3.905898
3.185568
1.811299
1.221378
0.606016
0.336892
-1.024630
-2.955579
-0.875934
0.879398
0.899863
0.090511
-0.571994
-1.346740
-1.310839
-1.356050
-0.996634
0.774404
1.188408
0.695844
1.602678
2.004773
0.216532
-1.469497
0.827744
0.200919
1.202885
2.316203
4.045896
1.557861
-0.250625
1.173142
0.494754
1.154955
3.466007
4.906727
2.830137
0.628698
1.800798
2.423248
0.861437
2.281612
2.013630
1.263343
1.700277
-2.182581
-1.920278
-1.862874
-2.167402
-2.221356
-1.625318
-1.516083
-1.637165
0.484960
-0.518512
-1.761294
-1.872092
0.298171
0.320277
-1.074492
0.554723
0.423627
-1.068938
-0.978478
-1.229742
-0.814665
-0.901042
0.451880
1.604689
-1.984214
-1.885769
-1.854557
-0.580141
-0.967547
-0.212915
-0.499774
-3.318757
-4.122864
-3.229215
-1.074915
-1.591992
0.464747
-1.653611
-5.121908
-5.821934
-3.283114
-0.317501
-2.076356
-0.104660
0.108285
-0.363339
0.008514
0.368595
0.940621
-0.276409
-0.383617
-0.389923
-0.690356
-1.071017
-0.287882
-0.790620
-0.007493
-1.413451
-3.509672
-2.912920
-2.245729
-3.740397
-2.271349
0.031472
-2.345950
-3.248823
-1.727107
-0.741773
-1.074787
-0.332632
-0.139051
-0.948530
-1.435906
-2.609525
-2.474138
-2.361802
-1.271235
-0.146377
-1.190550
-4.554574
-3.436349
-2.353190
-3.036819
-2.747239
0.253216
-1.246184
-2.723150
-1.968025
0.016189
-2.672392
-1.967959
-0.392513
-1.288910
-2.057874
-3.216674
-3.737976
-2.854166
-1.420607
0.624690
-0.620352
-0.275808
0.455530
0.689804
0.158195
0.204953
-0.815639
-0.936857
0.027568
-0.976382
-2.245575
1.088612
-0.111624
-0.195729
-0.178949
-1.489146
-1.711874
-1.192566
0.367753
1.004911
-0.297191
-0.640697
-1.788123
-0.744234
0.213296
-0.346001
0.613150
-0.477062
0.660656
0.229199
-1.130527
-0.159951
0.358586
0.178849
-0.362409
-0.491862
0.523024
0.822972
2.065390
1.912677
0.337441
0.699587
0.209599
0.605450
1.844599
2.312376
1.466640
1.124530
2.071598
-0.591840
-1.179945
-1.032598
-0.995750
-1.296759
0.478642
-1.065306
-2.736499
-3.617612
0.165696
2.988171
-2.573958
-2.664772
-1.636556
-3.337491
-3.249659
-0.501776
1.245892
-2.412588
-3.393145
-1.627884
-2.795597
-1.855690
-2.940403
-2.735366
-2.988964
-3.492571
-1.611899
-2.591162
-1.669559
-2.015255
-1.235914
-1.360811
-3.332777
-1.385124
-2.552959
-2.753561
1.095275
2.627764
-0.963197
-2.468668
2.188556
-0.426772
-2.085707
-0.650084
0.438157
-1.650406
0.981480
-1.598824
-1.076552
-1.822575
-1.656002
-1.230345
-1.704520
-2.351265
-1.383802
-0.778833
-0.908227
1.161137
1.619544
0.837495
-0.235186
-1.128217
-0.668699
-1.701763
-2.555762
-1.751696
-0.076302
0.572617
-1.187887
0.240896
-1.596739
-3.709687
-2.279890
-1.577811
0.400629
-1.056242
0.317525
-1.378231
-3.653326
-2.545295
-0.809942
1.175697
-1.242570
-0.910269
-0.244046
-0.261835
1.306981
0.408739
0.260883
-0.634371
-0.499161
-1.409125
-1.026794
-0.452044
-0.953110
0.290465
0.241395
-0.419105
-0.290770
-0.225045
-0.255533
-0.130600
-0.580196
0.519977
-1.392148
-1.039160
-2.760887
-4.175725
-1.580781
-1.255761
0.826258
-1.274132
-1.083021
-1.695993
-2.874154
-3.184601
-2.700727
0.904561
-1.608788
-1.350318
-0.906893
-0.623609
-1.521808
-2.657514
0.595824
-1.970098
-0.659835
-0.175427
-0.761843
-0.337116
-1.283353
0.792178
-1.355158
-1.680250
-2.928650
-3.350376
-1.724076
-0.557780
0.160017
-0.734000
-1.254871
-2.221285
-1.548503
-1.387100
-1.047835
0.413680
0.249362
0.352799
0.304602
0.461875
0.399356
1.721431
-0.161938
0.407383
0.884126
1.145926
-0.331044
-0.169937
1.914519
-0.454750
0.233902
0.423571
-0.308028
-0.488828
-2.155493
-0.074678
-0.476629
-0.667477
-4.031841
-0.581860
-0.678051
-2.236421
-1.179258
-0.611639
0.222790
-4.722150
-2.972635
-1.661173
-2.659021
0.615486
-0.427820
0.477030
-0.814836
-2.528357
0.188747
-1.711333
1.537682
1.909653
1.641613
1.036180
1.570116
2.518281
1.143417
3.453994
1.154362
0.873612
0.642720
0.673002
0.801346
0.208964
-0.180887
1.317845
0.566081
-1.336849
-0.710261
-0.702603
-0.651594
-0.645746
0.815758
-0.668745
-1.142632
0.265528
-0.029402
-0.778091
-0.553832
0.809272
0.088695
1.846527
0.331128
0.020593
-0.115600
-0.063225
0.873605
-0.019117
2.390984
1.358959
0.146450
0.967721
0.581920
0.945467
0.072428
-0.991176
0.756172
-0.747574
-1.504327
-0.704649
0.477625
1.282311
-0.231063
-0.812015
-0.192294
-0.741061
-0.675775
0.381155
0.356459
0.559936
0.423517
-0.095320
0.263432
0.586755
-1.195715
-0.759617
-0.715111
0.378824
1.820673
-0.505816
-1.046512
-1.212848
-0.728606
-2.224234
-2.912905
-1.915936
-3.424638
-1.773437
-1.181291
-0.572393
-3.104060
-1.702424
-1.071413
-3.018240
-3.163505
-1.208012
-0.995155
-2.366771
-0.707868
-0.256761
-2.090850
-1.824676
-1.280599
-1.141644
-0.479927
1.021224
0.437726
-0.292371
-0.922195
1.083535
1.238994
0.092545
0.676906
1.089119
0.426023
1.112647
-0.010571
0.847515
0.824793
0.366343
0.351157
0.547180
-0.587450
1.229330
0.669235
0.645658
-3.495815
-5.136164
1.001570
0.655177
0.727783
0.255181
-0.539186
-2.560294
-2.167441
-0.280038
-0.030966
0.862051
-0.385628
-2.918420
-0.475276
-0.848514
0.230229
0.546254
0.912159
0.404331
-3.073097
-2.050181
-1.555840
-2.039448
0.232265
1.218117
0.440776
-1.260750
-2.379182
-1.521904
-1.116674
0.477882
1.659034
0.859835
0.791430
-0.071317
0.448904
0.499184
0.202886
1.268739
-0.235726
-0.016228
0.189859
0.370657
0.259637
0.718126
-0.359868
-3.047353
-2.221445
-1.192994
-1.670257
-1.513842
-1.814937
0.003380
-2.187776
0.502359
-1.900279
-3.326605
-0.770006
0.212020
0.034960
-2.587256
-2.373821
-1.811428
-2.078300
-1.521090
-0.465588
-0.054399
-2.595629
-3.177197
-2.916472
-2.273990
-1.331961
-0.970926
-0.325585
-2.410382
-1.609962
-0.379113
0.152307
1.126481
-1.502499
-0.121312
-2.830760
-2.120337
-1.274833
-1.488743
-1.826922
-1.944083
0.111444
0.807345
0.965493
0.016107
-0.498543
0.249180
0.304843
0.132455
0.656375
0.065010
-1.140490
-0.519400
-1.965083
-0.284345
-0.036895
0.157368
-0.920077
1.751992
2.989291
-1.606218
-1.764173
-0.124680
-0.291814
-0.473296
2.075830
1.925859
0.242851
-1.297687
0.214578
-0.332668
-0.904895
2.192128
1.760140
1.257182
-0.355462
0.017583
-0.351306
-1.107175
-0.821957
0.012179
-1.975600
-0.112329
-0.940472
-0.453256
0.085111
0.073980
0.499452
-0.467582
-0.591580
-5.955232
-1.904499
-1.663779
-2.193858
-2.270864
-2.450241
-3.464461
-2.208239
0.643983
0.037033
-1.541456
-1.893782
-0.468487
-0.700462
-1.283199
0.660663
-0.602104
-2.539948
-2.526506
-2.572354
-1.417214
-1.235436
0.330807
-1.364419
-1.046959
-0.523035
-1.762484
-1.679201
-1.055384
1.441374
-0.833772
-1.169331
-0.632644
-1.498480
-0.605822
-1.518707
0.925671
1.112179
-2.615061
-5.584221
-0.418628
-0.480427
-5.278049
-1.115314
-0.642340
-1.567370
-2.517223
-0.916641
-3.702136
1.879473
1.048659
0.915223
1.321274
1.493102
1.146503
1.098267
0.716020
0.455886
0.570781
3.704675
4.492333
1.427180
1.570667
0.566195
0.924208
2.131224
2.360676
0.886216
3.103307
1.744797
0.802868
1.623610
2.658278
0.800238
0.026379
1.570925
1.590560
0.859864
1.598915
1.583926
0.576482
0.142728
1.631600
1.568677
0.826571
1.306282
1.380619
3.228049
3.377536
2.148375
1.382753
1.294145
0.987746
1.018611
1.239564
1.357860
1.000446
1.471644
4.156598
1.892738
1.344289
1.590322
2.005061
1.849628
2.116890
3.518942
1.071264
0.950248
0.399003
1.052369
1.400034
2.162937
3.524985
0.615945
0.296885
-1.603933
-1.988303
-0.148535
1.260133
3.108740
1.643865
2.210405
-0.970820
-1.129580
-0.641017
1.625831
2.857077
0.548359
2.306358
0.306506
-1.724698
-0.496140
2.408804
3.314189
0.304972
0.883605
0.264503
-1.661389
-1.107583
2.628053
3.999492
1.445382
1.105524
1.460538
2.221306
1.059892
2.400564
-1.215907
-0.740770
-0.372236
-0.103129
0.010260
-0.152319
0.296131
-1.891506
-0.530611
0.037662
0.748930
2.742970
-0.114946
-0.100371
-1.240111
0.673852
1.184600
1.950439
2.895187
-0.229534
-0.671773
-1.010300
2.017221
4.134895
1.257196
-0.148687
1.628128
1.330586
-1.032726
1.651529
3.737526
2.685663
0.226735
2.197685
1.061222
-0.805431
0.977611
1.439795
4.815660
4.597772
0.178584
0.438028
0.833796
1.271798
0.775087
1.852964
2.376078
0.800812
1.422808
0.650534
-0.594418
-0.912367
-0.527642
-0.268088
-0.611188
0.967204
0.088182
-0.113725
0.702010
0.373821
-0.237665
0.947188
0.794052
-0.013394
0.677870
0.423855
-1.923656
-2.185787
-1.133876
1.375198
0.044434
1.596485
1.387666
-1.894975
-1.468952
-1.653244
0.815309
-0.084617
0.867913
1.251529
-3.383239
-3.173712
-2.121595
1.019626
-0.388866
-0.214962
0.280928
-2.396193
-3.482582
-1.398388
0.821088
0.965903
0.408449
-0.089792
0.746092
1.008883
0.099812
1.640532
-2.467443
-2.182913
-3.152530
-3.837380
-3.940906
-3.696950
-2.800190
-1.575191
-2.008547
-1.699773
-1.389008
-0.922563
-0.691735
-2.629842
-0.695604
-1.073103
-0.105412
1.008001
1.203520
1.175060
-0.646396
-0.927851
-0.917667
1.673257
0.627552
0.034690
0.369108
0.604647
-1.106816
-1.888582
1.354477
0.158692
-0.032036
0.050982
-1.486423
-1.416951
-2.517264
-1.484573
0.985110
1.783095
-0.303352
-2.683939
-3.568096
-3.811510
-3.413103
-2.389392
-2.561258
-2.878983
-3.275611
0.482741
-1.926137
-2.006633
-2.234828
-2.454681
-1.999064
1.059704
-0.644126
-2.138788
-1.151657
1.249747
1.576854
1.490541
-0.713816
-1.586021
-2.435663
-0.749141
-0.369474
0.928086
0.078057
0.141797
-1.733195
-1.446680
-1.614296
-3.334935
-2.472163
-1.846180
-0.188448
-1.719175
-2.744213
-0.801449
-2.468481
-3.246140
-1.422152
-0.009873
-1.560399
-2.955734
-0.751534
2.515274
3.191030
1.512743
-1.023550
0.132218
-2.413090
-2.122722
0.609420
1.666452
-0.890896
1.146479
-3.114838
-2.442909
-2.444244
-2.525005
-1.930248
-2.764545
-3.257664
-2.772175
-0.375549
0.320843
2.029106
2.614986
-1.179867
-2.321102
-2.089478
-0.211752
-1.394634
-1.670776
-0.114922
-2.262621
-2.813656
-2.064159
-1.447134
-1.380051
-1.535866
-0.359703
-1.612709
-2.865536
-2.056080
-1.639498
-1.737728
-1.680176
-0.233559
-1.643074
-2.480621
-2.249405
-0.191429
-1.381271
-2.691399
-2.211315
-2.087948
-3.110256
-4.290724
-2.907356
-1.583189
-3.197624
-3.519119
-2.092318
-4.833027
7.661633
5.095128
5.207118
5.598539
5.664261
5.391126
5.229052
4.644234
2.826391
2.291455
1.895599
3.136729
1.476940
3.588923
4.845112
2.990556
0.341271
0.272143
1.161393
0.186800
2.187090
4.602584
1.649740
-1.073723
-0.245880
0.147923
-0.077853
1.843727
4.229347
1.633737
-1.952230
-1.109921
-0.771160
-0.703876
2.210517
4.419394
2.602636
0.943941
-0.265852
0.147442
0.546237
3.241516
4.682274
2.010232
2.423200
1.452922
1.317684
3.053825
2.949342
1.173615
0.633131
0.582086
0.702148
1.159393
0.413094
0.892887
0.115955
-0.099752
-0.139268
0.677204
-0.564899
-1.914582
-0.568464
-0.351017
-0.514665
-0.527476
-1.969158
-3.450782
-3.081110
-0.338412
-0.519949
0.739761
1.843312
-0.932530
-2.470341
-1.697268
-0.074105
-0.677898
0.138330
1.432454
-1.578321
-2.196403
-1.811436
-0.502284
-0.203956
-0.655825
0.031908
1.499830
4.535563
-0.406681
-0.245543
2.071421
0.908513
0.793379
1.532154
2.146570
0.516301
1.128759
1.642070
0.758486
-0.149947
-0.992344
-0.987175
-0.629824
-0.075686
2.065494
-0.427626
-2.213155
-4.448175
-5.704632
-3.630321
-1.615042
1.675304
-1.404356
-0.263272
-0.786491
-1.322492
-0.101398
-1.238734
1.187496
-0.347022
3.753465
1.715977
1.614791
1.780358
-1.072897
1.739947
0.415491
2.897759
2.464586
1.831791
-0.223144
-3.170538
2.082180
-0.156314
-1.914208
-3.316177
-4.912762
-3.263716
-1.872894
1.536100
-0.444721
-0.899093
-3.061001
-3.881285
-2.135804
-0.500747
-1.612682
-1.361852
-0.548220
0.248848
0.801400
0.494002
-2.000874
-0.327376
0.198460
1.486598
0.069127
-1.305263
0.867729
1.792094
0.533220
0.760373
0.689650
0.914610
0.997127
1.478642
1.703086
0.584843
-0.679555
0.492498
0.642504
0.751633
0.680626
-0.294045
0.309771
-0.801894
-0.285540
0.633471
1.830333
0.773159
0.689591
0.305541
-0.101009
0.334957
0.682787
0.699903
0.549357
1.138883
0.542556
0.343711
0.986022
0.602023
0.851888
0.849026
0.583632
2.045018
1.548106
0.934952
1.039336
1.491777
1.255161
1.920303
1.711868
1.740293
1.569073
1.090112
0.525519
1.280469
1.598316
1.527397
1.208558
0.937128
-1.365963
-2.546935
-1.070782
0.435195
1.687116
0.175391
-3.868386
-0.760842
0.351217
-0.996735
-0.629042
1.762012
3.252144
-1.745589
-1.733687
-0.729538
1.003129
1.594513
1.977380
3.455108
2.644065
-2.854153
-2.014939
2.298680
2.825308
3.592239
4.564154
2.954226
1.386115
1.071374
2.580660
4.055257
-1.568922
1.385081
1.553506
1.229012
1.026606
1.422725
-0.239985
0.236989
0.418962
0.335354
1.449934
2.167383
0.874152
0.039934
0.751108
0.578886
1.540979
1.834687
1.976913
1.968685
-0.705137
0.732031
1.032219
2.103340
1.226038
0.888011
0.828116
-1.114973
0.951734
0.470419
1.193485
2.398847
2.126749
2.319801
-0.240862
0.941998
0.579470
1.210489
3.633085
1.553812
2.640738
0.216448
0.144659
0.920923
0.504150
0.974769
-0.185305
0.178722
-0.747845
1.234941
1.092479
1.384361
1.006733
0.650464
1.361814
0.773931
-0.962746
-3.422677
-2.707152
-3.235413
-2.786711
-1.659755
-1.292558
-1.317809
-2.481662
-2.403756
-1.676077
-1.297585
-1.394797
-2.468883
-1.346874
-3.180209
-4.149982
-0.997544
-0.202374
-2.119330
-3.305244
-1.393385
-1.588238
-3.526621
-1.810417
-0.157915
-2.500390
-2.442904
-1.067280
-2.452561
-2.286691
-3.466003
-2.557975
-2.298144
-1.828126
-0.500337
-1.411754
-1.512105
-1.738610
-3.159872
-1.826903
-0.879160
4.867005
2.351030
1.936645
1.582590
1.690080
2.162173
3.496708
2.567163
0.082980
-1.123533
-0.887972
0.169432
0.171736
0.357886
2.674325
-0.770514
-0.502491
-0.832529
0.067303
0.463591
-0.201725
2.276841
-1.141191
0.245212
-0.080091
0.488100
-0.232579
0.190002
2.210463
-1.044509
-0.828191
-0.329912
-0.523120
-1.199807
0.019886
2.320883
-0.512732
-0.532348
-0.609175
-1.922754
-1.964574
0.488646
3.605505
0.353802
0.334386
-0.259064
0.486986
0.213444
1.757847
0.642058
-0.212066
0.006413
0.375415
0.661023
0.217055
-0.020763
1.296893
-0.803509
-0.173052
-0.736106
-0.781578
-1.079003
0.028322
1.227073
-1.025679
-0.776490
-0.805630
-1.584070
-2.194586
-0.635511
0.934669
-1.423224
-2.350894
-1.240717
-0.827751
-1.604053
-0.800364
0.801986
-1.617312
-1.915011
-2.386166
-1.814726
-1.711865
-0.952874
1.048289
-1.569742
-0.833536
-1.813385
0.114587
-0.698312
0.023375
0.285401
-2.013773
-1.028034
-1.123540
-1.309724
-0.816965
-1.277527
-1.429053
-1.529831
-0.786043
-0.830352
-1.333593
-1.050171
-0.220679
-2.147992
-3.740259
-3.336271
-2.390150
-0.719073
-4.764452
-2.549207
-1.471552
-2.727532
-2.432297
-0.397475
0.894050
-3.535643
-5.003702
-1.056368
-2.455597
-0.779223
-0.739120
-0.147076
-0.720336
-3.349386
-1.470307
-3.205030
-2.028065
0.524876
0.073565
-0.384823
-2.716421
-1.903263
-3.163321
-3.822477
0.880075
2.388860
-2.734919
-3.512140
-3.022197
-3.886106
-3.222204
-2.779963
-2.203728
-3.166097
-3.162733
3.428972
1.865785
1.661540
1.300945
1.096878
1.571112
2.152591
2.226366
0.733488
-0.157534
-2.498724
-3.164849
-2.318677
0.464833
2.110369
0.404763
-2.147089
-1.322996
-0.862427
-2.724606
-1.661881
1.879564
0.658924
0.506490
-0.462401
-0.203630
-0.068678
-0.521904
1.825404
0.219665
-0.868334
-0.921537
-0.449347
-1.301035
-0.372808
2.212351
1.114696
-0.715431
-2.327230
2.765531
-2.161867
0.141012
2.125078
0.718840
0.602348
0.344860
1.451671
0.576852
1.056288
0.416307
-0.214651
-0.553541
0.476402
0.835039
0.129745
0.632702
1.335239
2.113070
2.119968
4.292898
6.182670
5.063330
3.794590
1.795620
2.665564
2.987268
1.395224
1.173622
3.060932
4.558979
1.931612
4.089609
2.576681
-0.693609
-0.677275
-0.285063
3.665672
1.804281
4.949039
2.745007
-1.808344
-0.695827
-0.111683
4.111949
1.499205
3.417904
3.414696
-0.444452
-2.784468
2.791899
4.063779
1.398989
1.820257
1.865149
2.920916
2.051424
2.987156
2.667498
4.569521
0.927739
1.018439
1.114790
0.776498
1.781986
2.734135
1.559463
-0.215120
-0.511178
0.823309
2.210856
0.555040
1.136278
1.372291
-0.721498
-0.621861
-0.900608
0.039006
-0.906267
1.927608
1.378832
0.924016
0.877254
-1.264985
-1.916644
0.191026
2.034767
1.120412
-0.354080
3.140880
1.348187
-0.464251
1.910741
1.929541
1.332579
0.081922
-0.174597
2.423243
4.192205
0.868645
1.040959
3.619161
1.603356
0.262269
0.233503
1.365369
0.120059
3.215914
-0.385996
-0.337728
0.052002
-0.739903
-0.842338
-0.471812
-1.454176
-0.543810
-0.829498
-1.129341
1.241186
2.778643
0.129967
-1.940643
-0.391465
-1.824946
-0.517317
1.314351
3.249272
1.301164
-0.832216
-0.672818
-2.214077
-0.175398
0.517909
1.489926
-1.115296
-2.135871
-0.939989
-3.157621
-3.578898
-0.525146
0.124988
-2.300600
-2.778683
-1.134048
-2.169362
-3.048491
-1.511799
-1.241942
-2.360753
-2.849074
-3.296430
-2.915790
-2.686803
-2.285736
-2.950726
-2.362056
-3.981638
1.023386
0.054348
-0.337877
-1.210522
-1.870911
-0.883786
-0.169251
0.502014
-1.472847
-1.717930
-4.329650
-5.757094
-3.943656
-2.645057
0.279946
-2.041874
-1.769632
-1.452317
-1.021508
-2.724422
-4.789912
0.395211
-3.379978
-4.225826
-1.083027
-1.490839
-1.903676
-4.940989
0.402900
-2.346727
-3.676567
-0.809081
-0.921714
-0.893064
-3.832272
0.575070
-1.535924
-2.652638
-2.334762
-1.992370
-2.648232
-3.112033
-0.972370
-2.060482
-1.853055
-3.325743
-3.042488
-2.498523
-2.845768
-2.090044
-2.240928
-1.988019
-2.265225
-2.332242
-2.252829
-0.656878
-2.220984
-2.202537
-2.291016
-5.086077
-7.857774
-3.809241
-1.886434
-2.064009
-1.980890
-2.105694
-2.810600
-3.952710
-4.009567
-2.879775
-2.020221
-2.587562
-0.095873
-1.580820
-2.260432
-2.379641
-1.686681
-2.147100
-3.868450
-3.398016
-1.896935
-2.603360
-2.276192
-1.282209
-2.674265
-2.757692
-4.000441
-6.250171
-8.132429
-4.750929
-2.093777
-2.413101
-2.875737
-2.492840
-3.748086
-3.969607
-3.148304
-2.375064
2.753412
4.075319
3.693971
3.257683
2.878335
3.452726
3.107349
4.130247
4.211010
2.414903
2.861810
2.527861
2.113012
2.794994
4.071571
2.958005
3.510352
4.383199
3.441473
2.762482
2.295420
3.991003
3.124487
4.484795
2.937527
2.777323
3.709272
3.624997
4.124956
3.059890
2.880009
2.964474
3.030120
3.725603
3.571738
4.191330
3.988678
1.941478
2.312125
3.859130
2.871203
3.452692
2.600342
4.856237
3.719745
2.836896
3.336483
3.057642
2.474240
0.534575
-0.090349
-0.884775
-0.420058
0.362614
-0.661666
-0.764088
0.988061
0.289770
0.821824
-0.097714
-0.005324
1.106929
0.895367
0.471076
0.948518
0.479046
0.698211
1.445369
-1.104910
0.559164
0.395713
0.832328
-1.088734
-0.027973
0.192093
-0.886068
0.507124
0.375171
1.000325
-1.574490
-0.100916
0.755694
-0.970588
0.521182
0.693486
0.671288
1.166730
0.111048
0.234501
0.505587
0.494311
-0.147214
-1.074272
0.022978
2.288853
1.883631
0.860476
-0.216891
2.768183
3.365324
2.991027
3.499658
4.062898
3.131476
2.696403
2.469332
4.017808
3.032063
4.738133
6.120770
4.037356
2.491865
2.710974
3.113275
4.133924
4.786645
4.582076
3.802691
3.054167
2.836755
4.381545
4.310506
2.309127
1.403888
2.733199
4.352912
3.022838
5.591094
5.237123
2.258536
1.039208
3.278758
4.553128
2.888096
4.771453
5.104562
4.307982
2.818647
3.603072
3.801225
2.264632
3.618489
3.394900
3.298096
3.976279
3.354910
2.525662
3.556044
0.525517
0.938932
1.636482
1.407824
1.332224
1.774673
0.642395
-1.879883
-0.702144
-1.589961
-2.041479
0.377752
-0.963452
0.430780
-0.628871
0.207884
-1.881985
-2.485548
-0.894015
-2.392812
0.608097
-1.564778
-3.264585
-1.098571
-1.323453
-0.319322
-1.891907
0.521135
0.377695
2.270884
0.234320
-0.273914
1.344105
-0.106728
1.113554
-0.576770
1.110142
2.653883
3.569799
2.503042
-0.689672
3.834236
0.843136
-0.316346
0.696800
0.431707
0.224884
2.043283
-2.516304
-2.335505
-1.376098
-0.861225
-0.646581
-0.853815
-2.019984
-2.747431
-1.956013
-1.355121
-1.424157
-1.797359
-1.424486
-1.289125
-1.777516
-0.807776
-2.222236
-1.848987
-2.720083
0.203799
-0.283195
-1.760532
-1.089002
-0.964972
-0.289572
-0.969824
1.282614
0.002312
-1.966371
-1.331467
0.014473
1.074612
0.417703
0.525010
-1.236444
-2.275615
-2.335271
-1.731096
-0.076751
-0.335854
-0.545088
-1.283245
-2.883257
-3.395448
-2.258879
-1.234102
-1.452136
-1.904807
-2.777993
-0.983893
-0.630379
-1.300757
-1.033838
-0.144548
-0.713355
-1.779422
-0.462995
1.450273
1.683932
-0.378526
-1.225883
2.183339
0.115769
-0.131240
1.951709
1.367963
1.146453
0.625654
1.629957
0.795926
-0.487504
0.961544
3.416414
1.211537
0.939848
2.090235
1.448123
-0.230985
1.808609
1.723725
1.007133
0.990714
1.306853
1.345608
-0.336529
1.400755
-1.415771
-0.113438
2.633073
0.536938
-0.187971
-1.048669
0.661996
0.354302
-0.703774
-0.207150
0.426887
0.109221
1.566366
1.882906
1.514994
1.139561
0.622015
1.313869
3.155428
2.140688
1.972658
1.332418
0.083714
0.872887
0.928279
2.652227
1.176431
1.612616
-0.114388
0.452134
2.954626
-0.119310
1.927944
1.131525
0.111455
-3.020092
0.742599
2.141335
-0.456967
1.092258
0.982760
0.486650
-1.275887
-0.348921
1.618572
-0.508796
1.749554
1.348690
0.486088
1.403940
-1.781594
-1.573020
1.727596
2.693628
4.515192
3.649134
2.643400
2.944138
2.436708
3.133833
4.785206
1.428438
0.485977
0.588310
1.190571
1.281207
0.959170
0.976099
1.081149
0.176008
-0.060957
0.006122
0.989306
0.816249
1.164550
1.284508
0.353052
-0.077142
-0.382293
-1.308007
-0.188431
0.813293
1.537749
0.643410
-1.170405
-0.484358
-0.197740
-0.657403
0.322946
1.480678
1.429536
-0.208464
-0.930747
0.365815
0.208516
1.464722
1.480950
0.783762
1.215440
1.938501
1.872422
1.441072
1.278502
1.812560
0.711220
0.073245
-0.131855
-0.783988
0.217395
1.106426
-3.663843
-3.618418
-2.506952
-1.825211
-1.338326
-2.753142
-5.026321
-2.818125
-4.923854
-2.930103
-3.195017
-5.025442
-4.663332
-5.537562
-2.471519
-4.121889
-3.071891
-2.561383
-1.919436
-3.483675
-4.164833
-2.410558
-3.247137
-4.136511
-2.239235
-1.649148
-2.692969
-3.964962
-2.192659
-3.230160
-5.531932
-3.221394
-1.520427
-3.438901
-5.460869
-2.056998
-3.801250
-3.177778
-3.576697
-3.999861
-4.150617
-5.696990
-4.337450
-4.499501
-3.017889
-1.762295
-3.014809
-3.407518
-6.731966
-0.003855
2.352491
2.833841
3.383713
3.538879
2.740767
0.645604
1.064209
0.230276
-0.074425
1.702238
1.742953
0.076310
0.287037
1.697715
1.269270
1.874492
1.191961
-0.107797
0.426001
0.500052
1.892817
1.302492
1.038696
0.889709
0.257326
0.275667
1.661400
1.971153
0.514632
0.128228
0.460484
0.319275
0.702635
1.335553
1.885921
1.682133
2.033236
0.080624
-0.797189
0.879742
0.101456
-0.359049
1.410433
1.517338
1.382605
1.010324
1.399111
-0.756115
-1.543691
-3.353784
-3.175095
-3.323829
-3.373446
-3.220289
-2.526317
-2.567186
-3.737815
-3.567714
-3.548926
-3.664628
-4.733442
-4.027069
-2.793971
-2.992296
-2.324127
-1.846050
-0.941218
-3.591196
-3.539555
-2.903082
-2.164934
-1.492994
-1.766133
-1.314207
-1.905600
-2.783683
-3.044825
-2.775506
-1.054279
-1.690594
-1.427676
-1.077454
-3.042460
-2.629095
-2.613823
-0.541412
-0.995884
-0.611668
-0.629740
-3.467149
-2.379733
-3.677959
-3.117153
-2.747684
-3.666396
-3.060460
-3.431074
-2.787027
-0.566115
-0.326741
-0.080537
0.111408
-0.215082
-0.381707
-1.651914
-0.417251
-0.540054
-0.057249
1.339937
-0.161341
0.583345
-0.497766
-0.088787
-2.261114
-1.008846
0.097287
-0.302519
0.993951
-0.769910
0.143817
0.557687
-1.076386
-0.860461
-0.643099
0.184935
-0.758751
-0.761713
-0.327268
-0.148779
-0.040177
-1.191438
0.062442
-1.121260
-0.676790
-0.150940
1.629627
1.233407
-0.719988
0.563637
-1.990912
-0.028894
0.267555
1.795359
2.643866
1.136764
0.621278
0.864564
-0.047450
-0.430420
-0.547513
-0.279581
-0.392668
-0.490239
0.986553
0.426705
-0.632258
0.627043
1.788085
0.653377
0.598231
1.510038
0.307975
1.119826
3.231519
2.352535
1.736942
1.529172
1.424864
-0.025753
2.677101
2.101593
0.963576
2.146788
1.476086
1.367832
0.932764
4.461730
3.391874
2.025851
4.908390
2.776475
1.588204
1.081876
0.702235
0.717862
0.984580
2.153172
1.060961
1.609065
0.751584
-0.370661
-1.381442
-1.229311
-0.388087
0.330783
-2.221864
-0.296878
-0.309136
-0.502019
-0.164284
-0.033768
-0.484069
-1.089872
0.667811
0.155269
1.242096
4.209815
0.233989
0.548916
-0.609625
0.869800
-1.775326
-0.665285
0.952390
0.094350
1.711627
-0.683043
1.912447
2.708462
0.215548
-0.243515
0.050051
1.788505
-0.452756
2.275451
1.805491
-0.200374
-0.978378
-1.840394
0.945209
-0.661676
1.272429
0.340585
-1.219061
-3.403608
-1.824727
0.267234
-2.350315
-0.844501
-0.047569
-0.016435
-1.180395
0.009017
-0.862656
-0.234994
-1.285356
-0.563321
-0.028009
0.321685
-0.599115
-0.957722
-1.047499
-0.183765
1.448302
2.069106
2.462085
2.141299
-0.286171
-0.523216
0.234228
1.511374
0.294344
0.616599
1.030395
0.722259
-0.389252
1.695002
1.128258
-1.761580
-0.748296
-0.819517
0.580375
-0.624020
0.550655
0.123838
-2.803763
-2.188133
-1.774855
0.199486
-1.192711
-0.306079
1.034148
-0.217449
-0.078934
1.468955
0.094351
-2.260965
-1.492350
-0.273290
-0.207141
0.762774
0.204085
-1.858382
-3.875070
-2.370718
-1.977436
-2.820086
-2.848845
-2.103708
-3.093311
-3.125677
-2.190062
-1.652817
-2.806320
-3.748173
-3.088726
-2.928719
-2.431412
-1.343451
-1.647728
-0.233589
-0.158808
-1.808275
-1.723756
-2.262047
-0.562529
0.041589
0.581665
-0.053496
-0.349609
-0.854357
-2.220093
-2.317363
-1.425828
0.826885
0.303793
-0.849353
-2.069351
-2.710212
-1.858357
-2.422388
-1.812284
-6.284174
-2.860525
-3.204517
-4.559297
-3.014177
-2.714313
-3.461369
-4.335337
-2.572920
-4.282338
1.600007
-0.815229
-1.186941
-0.787139
-0.511240
-0.891556
-0.784485
-0.967554
-1.154372
-0.828858
-1.012523
-0.858662
-0.698483
-0.634492
-1.357796
-0.793056
-1.308517
-2.347574
-1.986064
-1.910767
0.084490
-1.473053
-0.778413
-2.295088
-1.557063
-1.495349
-1.881418
-0.719742
-1.480985
-0.456281
-1.627764
-2.122055
-1.584812
-1.364937
0.309169
-1.300688
-0.813685
0.129347
-1.316041
-0.242805
-0.537391
-0.407887
0.458236
-0.563801
-0.460786
-0.032715
0.541303
-0.286063
0.162744
0.523048
-0.790904
-0.077629
0.259930
0.481805
0.611289
0.222911
-0.471300
-0.363154
-0.458522
-3.223395
-1.759816
-0.871297
0.293108
0.276907
-0.251169
-2.835564
-3.520026
-1.591444
-2.570464
-1.625818
0.204797
-1.972396
-3.250480
-1.464816
-2.647026
-0.861591
-0.813288
0.079992
-1.777890
-2.153895
-1.078291
-2.146313
-1.554736
-0.851475
-0.177404
-1.035117
-1.500185
-3.321864
-6.391092
-2.043487
-0.688014
0.997204
-0.346557
-0.111891
-0.975187
-1.654031
0.235083
0.688681
2.122797
0.904164
0.623521
0.152099
-0.391001
0.220197
1.798111
0.377938
-0.983208
-1.332671
-1.366329
-1.448594
-0.888223
-0.970371
-0.020957
-0.843879
0.656669
1.930817
1.932956
1.678607
-0.854070
0.240929
-0.624138
-1.327139
-0.269735
-0.198870
-0.434560
-1.070071
0.306539
-0.012562
-1.638582
-1.344666
-0.585038
-0.807219
-0.440331
0.278539
-0.256888
0.789335
2.083945
3.066962
1.361754
0.076792
1.587051
-0.440000
-0.604800
0.720408
0.753186
-0.642277
0.013437
0.012126
1.703032
1.690511
0.758247
0.334228
0.843300
0.237710
0.725330
1.244673
1.771802
-0.073727
-0.353983
0.370249
0.613582
1.531938
2.306730
1.629654
-0.163004
-0.940854
-0.310369
1.302365
1.739426
1.934726
0.313221
2.480951
1.984291
2.113170
0.881083
1.733003
2.993866
2.766612
2.277553
1.834360
1.694924
0.650721
1.285324
1.877372
3.048709
0.515861
1.394693
2.282804
1.080595
-1.106714
-0.770518
0.136912
-0.807540
-0.641287
-0.038135
-1.373939
-0.373684
0.306425
0.184570
0.437481
0.135067
0.931440
1.042264
0.408294
1.862293
0.524817
2.574605
3.415868
2.615859
1.989041
0.285713
0.839190
0.709266
2.355102
3.265508
3.906877
1.728047
0.243275
0.620091
-1.260067
1.245824
1.486272
1.383450
1.457451
0.218248
2.242919
-2.047060
0.839131
2.329138
0.369496
1.874995
0.561243
2.861034
1.045952
1.506999
3.252402
1.547486
2.476561
0.603879
3.113980
1.829820
1.029441
0.101879
1.845753
1.926300
-2.641209
-0.641134
-0.234410
-1.630647
-2.426771
-0.680736
-1.547776
-0.872183
-1.149621
-1.481103
-5.042158
-6.437549
-4.361278
-2.492638
0.357517
-1.012980
-0.919636
-1.042877
-2.211881
-2.088058
-2.781175
0.449485
-1.442609
-0.392613
0.711682
0.362113
-0.240224
-2.609143
0.220833
-1.223071
-2.159526
-1.186638
-0.515301
-2.848301
-3.895889
-0.375855
-0.957846
-2.932816
-5.817587
-5.267731
-4.801634
-2.281387
-2.171804
-2.766100
-1.707235
-2.943694
-4.162601
-2.482087
-3.360561
5.288079
0.437981
-0.242015
0.255116
0.094118
-0.043862
1.826432
1.707277
-0.556000
-0.394558
-0.330709
0.960323
0.119340
0.426041
0.611293
-0.791428
-0.500619
-0.528162
0.256443
-0.852630
0.500979
0.676260
-0.519446
-0.081064
-1.895944
-1.888652
-2.041622
0.024528
0.455059
-1.459773
-2.711248
-2.393517
-1.793037
-2.506370
0.284592
0.800518
-0.662842
-1.538388
-1.496520
0.352973
-2.302820
0.616090
3.101817
0.218073
-0.304156
0.234415
0.942560
-0.243942
0.932568
-0.748552
0.901736
0.572765
0.277978
-0.065863
-0.269702
-0.086278
0.206473
0.493584
0.547952
1.665430
3.815020
0.057189
-0.175122
-0.250040
0.235019
1.168409
2.048043
3.451021
1.405910
0.208333
-0.301414
0.232556
1.372228
1.916538
2.029984
1.299418
0.075889
-0.219460
-0.276988
-2.111583
1.397619
1.308365
0.132195
-0.849360
0.051487
0.253926
-0.513086
0.146307
-0.495149
-0.224574
-0.700920
-0.977816
-0.379725
-0.150033
-0.725208
-0.435492
-0.719234
-0.959516
2.807920
0.941093
1.119809
1.319536
0.965881
0.633586
0.368498
0.957479
-0.852398
-0.632976
0.479252
1.178200
0.017689
-0.670362
0.629447
-0.672365
-1.053961
-1.272715
-1.442634
-1.302493
-1.598811
0.558133
-0.851756
0.720754
-1.385909
-1.419850
-1.552193
-1.847906
0.501875
-1.796698
0.768161
-0.514390
-1.781507
-0.706737
-1.299617
0.439521
-2.367966
-1.141136
0.258727
-1.186612
-0.723765
-1.085566
1.094089
-1.572142
-1.725287
-0.339964
-0.840472
-1.151256
-1.225078
-5.658713
-2.398795
-2.319272
-2.928011
-2.970389
-2.849873
-4.273698
-1.421501
0.963828
1.512054
1.626421
1.430222
0.942725
-1.026686
-0.957616
0.973626
3.076714
3.586535
4.080358
2.338316
-0.730348
-0.714780
0.556106
1.161181
3.436129
3.617050
1.552100
-1.808222
-0.666997
0.898277
1.900158
3.327605
2.842272
1.832057
-0.776366
-1.182076
0.941790
1.811585
1.614438
1.634283
1.228776
-0.119029
-4.376370
-1.757662
-0.802290
-0.104110
-0.430339
-1.025516
-3.168344
-0.595385
-2.084961
-1.968428
-2.016353
-1.535061
-1.912054
-1.958071
-2.432380
-1.826208
-0.705828
-0.200037
-1.244138
-1.112794
-2.220322
-1.121141
-0.880125
-0.150419
-0.902983
-1.920076
0.243872
-0.628773
-0.908443
-1.009737
0.188928
-0.559752
-2.255794
1.026562
-0.322139
-0.977272
-0.756333
0.566148
-0.681612
-0.959249
0.514227
-2.136472
-1.456478
-1.474237
-0.726840
-1.332712
1.407803
0.769083
-2.216722
-2.316460
-2.955577
-1.694015
-0.649889
-1.197104
-0.916888
-2.464616
0.990691
0.372604
0.630550
1.384875
1.066375
1.265432
1.403335
-0.784295
0.237732
-0.294335
0.046466
2.719614
-0.324617
1.402971
-1.519264
0.160807
-1.638795
0.515106
0.865063
-1.081398
0.322161
-1.254548
0.745255
-0.125565
-0.642337
-0.151314
-0.748435
-0.077089
-1.344145
2.070840
1.045271
-0.031406
1.152031
-0.033108
0.546310
-0.755528
2.019198
1.401577
-0.011204
2.129643
0.355192
1.509398
2.383208
3.196605
2.005790
2.144546
1.951218
2.103418
3.476017
2.290386
1.024329
0.811032
1.696127
2.026288
0.908237
1.356222
1.942194
0.710136
1.620355
3.067923
3.021820
4.074680
2.091730
1.754261
0.477859
1.590223
0.399837
0.117203
1.616214
3.503942
1.562111
0.071612
-2.366909
0.557107
1.484994
-0.031313
1.697016
1.536965
0.359015
0.047876
0.869306
1.680837
0.407694
2.127867
1.773844
0.066988
1.350020
2.501141
1.723734
2.428710
2.002398
3.171021
1.792477
1.282992
2.499275
2.669786
1.648444
2.978985
-0.935349
-1.075896
-1.529113
-1.271202
-1.488857
-1.331970
-0.854390
0.516507
0.945036
0.941960
0.021368
-0.791998
1.830238
2.428774
0.675277
2.088802
1.922993
-0.544924
-1.687561
1.225202
1.741186
0.632303
3.501024
5.429632
-0.672547
-1.872412
0.301695
1.812533
0.367728
2.021498
3.822963
-0.597914
-2.179601
-0.360816
1.437319
0.241875
0.537379
0.041600
0.426117
-1.459680
-0.961839
1.161645
1.031014
0.006577
-0.563256
-0.607027
-0.755283
-0.042591
2.356483
-0.045258
0.456353
0.424739
-0.179748
-0.693282
-0.073248
0.597690
0.730067
1.249074
0.562574
0.935118
0.506966
0.536159
0.940390
0.748192
0.443598
0.574235
2.347353
2.105648
1.488185
2.057927
0.702229
0.597228
2.248942
2.386600
1.836373
2.792886
2.906118
0.675351
0.416118
1.478651
2.748258
2.754598
3.519821
1.968306
0.736561
1.207454
1.361129
2.766032
3.740899
2.234625
1.136626
1.078502
1.956898
1.466993
0.543205
1.079039
1.092279
1.623652
1.753986
1.229053
1.241356
2.274107
2.411585
1.957174
1.574200
0.738822
1.232574
1.026667
1.038388
1.985049
1.388586
1.662723
0.862747
1.444331
0.542582
-1.646713
-0.301082
-0.383501
2.249961
1.134262
1.691940
-1.313341
-1.751864
-0.667686
-1.096620
1.662144
1.158767
2.336956
0.039511
-2.271976
-1.872646
-2.667292
1.770596
1.305750
2.059186
1.793483
-0.244050
-0.336872
-0.129110
1.855577
2.693306
2.713832
2.084626
2.412599
2.704077
1.951464
2.851857
3.284872
1.798963
1.672740
0.851437
0.501047
1.128739
2.416638
2.211533
-1.130019
-1.735415
-4.002274
-4.871529
-2.286507
-0.181709
1.917244
-1.530663
-3.316979
-4.165896
-4.395607
-4.541111
-2.398079
1.662156
-2.798971
-7.539772
-2.910883
-2.481994
-3.935867
-3.115674
1.561480
-2.420105
-6.088874
-4.215089
-4.249289
-4.995293
-2.612140
1.693962
-1.972119
-2.708623
-7.643853
-10.867631
-5.194777
-0.497339
1.615408
-1.273931
-1.018493
-2.729616
-3.576384
-1.240396
0.109548
-1.899394
-0.134062
-0.302191
0.394703
0.736568
-0.324540
-1.228422
0.757302
1.082760
2.654363
2.809436
0.948182
3.177867
1.456634
0.622975
2.050537
2.062173
-0.257752
0.129909
0.032801
1.308094
0.597280
1.953716
-2.822133
0.010096
1.133247
-0.165789
0.740461
0.480729
0.485556
-5.699821
-3.245195
-1.391899
-1.867506
1.400987
0.149275
0.463582
0.098080
-3.747950
-3.813673
-1.694389
0.592798
-2.293955
-0.185520
0.556234
0.490886
0.655176
0.513011
-1.994083
2.951955
0.158462
0.673622
0.961644
1.002684
1.102872
1.436528
0.667779
-2.263095
-2.615731
-1.248702
-0.425367
-1.963918
-0.781721
0.157420
-2.631733
-1.723163
-2.091008
-3.030307
-1.387277
-1.025783
0.092902
-1.767764
-1.872503
-3.627301
-4.177733
-3.364727
-2.249770
0.086907
-1.717946
-3.361872
-3.230734
-3.125923
-3.434206
-2.671085
0.535468
-1.943109
-0.604022
-0.376497
-0.605407
-1.655699
-1.536911
2.448040
-0.474412
-0.665914
-0.053079
-0.130574
-0.803516
0.764499
4.366243
3.659663
3.208497
3.408205
3.573638
3.495392
3.788453
4.299908
4.953588
4.604476
7.158542
8.199867
6.599710
5.779200
3.948652
4.820416
5.902345
6.466898
6.406744
6.638434
6.913787
3.951302
3.807648
6.507738
4.886875
4.418709
5.586044
7.108467
3.763639
4.029789
6.777932
6.379377
5.698217
6.787124
6.385914
3.840950
4.651319
4.238761
7.177093
5.803910
6.303752
5.125687
4.967273
5.301401
4.274011
4.689530
4.355395
4.665365
5.317365
-0.760238
-0.016355
0.115136
1.084982
1.553112
0.563054
-0.006347
0.054242
-0.210568
0.167191
2.292955
1.865146
0.473434
-0.067760
1.752419
0.869270
1.365841
1.262754
0.973740
-0.741757
-0.729176
2.017662
0.118278
-1.582560
-1.554965
-1.204021
-2.622174
-1.569317
1.684922
-0.050962
-2.214315
-2.279764
-1.496166
-2.153024
-1.212989
1.007332
-0.322226
-0.246734
0.775481
3.492526
-0.011470
-0.688238
-1.684173
-1.628749
-0.673990
0.172616
0.152619
-0.457029
-1.849181
-0.910532
-1.242539
-1.225472
-1.661323
-1.529702
-1.286330
-1.271825
-1.129640
-0.873353
-0.691249
-0.152176
0.751288
0.200074
-0.617534
-0.368163
-0.322947
-1.100765
-0.296973
-0.014528
1.305003
0.737042
-0.304039
1.031159
2.314293
-1.138933
-2.563874
1.211356
1.304009
-0.553786
-0.987820
1.606279
0.474684
-0.730061
1.144683
-0.213735
-0.795855
-1.171307
-0.506213
2.763980
4.392147
0.117532
-0.836907
-2.239127
-2.194915
-1.468690
0.022286
0.619464
-1.027018
-2.077869
-0.742452
-0.272843
-0.417633
0.283114
0.804186
-0.162424
0.126540
0.004525
1.841090
0.822348
2.104760
1.676507
1.357054
1.373780
0.102013
1.289431
0.898786
1.022614
0.667372
0.346997
1.722061
0.092566
0.359019
1.536411
0.430498
0.716295
0.187196
1.728421
0.020844
-0.464587
-0.528323
-1.124505
-0.703433
-0.933500
1.207641
-0.365545
0.445335
-0.489246
-1.186639
-0.124170
-0.105287
0.757028
0.549439
1.905083
1.280575
0.611979
1.289618
1.136831
2.246198
0.571857
-0.689689
-0.776347
-1.046772
-0.783875
-0.608372
-0.468803
0.874127
-1.380712
-1.557809
-0.121190
2.092999
-0.436523
0.302911
-0.151021
-1.286531
-0.979553
-0.733320
0.289231
-0.810543
-0.517071
-0.528086
-0.990698
-2.811179
-1.794601
-0.383460
-1.771988
-1.123903
-0.695382
-1.450143
-3.492155
-2.265695
-1.559346
-2.127624
-0.711405
-0.096588
-1.810455
-2.432447
-2.270844
-0.534516
-1.796214
-0.555596
1.512355
-0.231053
-1.156073
-0.941253
-0.037403
-0.571964
0.801093
2.130524
0.130479
-0.199544
-0.397218
-0.578091
-0.290650
0.841582
1.064943
0.235137
-0.747264
-2.147841
-3.446193
-1.981427
0.053625
0.526679
-0.298182
-2.337811
-3.968774
-4.362169
-3.118310
-1.305876
0.340806
-2.029499
-5.129124
-2.730215
-1.929811
-2.112119
-1.271319
0.373908
-0.742353
-3.241817
-2.500000
-2.347381
-2.361975
-0.907354
0.633914
0.228918
-0.447315
0.949139
0.280004
-0.721394
-0.353153
1.754244
0.537571
0.247877
1.200681
1.063659
0.591658
1.175962
-0.641853
1.613614
1.359421
1.622441
2.078286
1.816481
1.694906
2.863144
2.972983
2.442528
1.448582
1.124976
3.595124
5.691480
2.067967
2.288201
0.433806
-0.599912
-1.100658
-1.941276
3.668729
1.760065
2.140531
-0.970568
-0.635018
0.201498
-1.020583
3.339372
1.607631
1.460643
1.073260
-0.060457
-0.272005
1.472406
5.576725
2.063245
1.110145
3.865730
4.912464
4.578280
5.625008
5.460817
4.095273
4.679517
3.716823
4.933375
5.184439
4.843950
6.819130
1.586782
1.878736
1.831172
2.273246
2.559380
2.513705
2.746041
1.813257
2.882587
2.196653
2.796731
4.682287
2.887934
2.634964
2.378135
2.519308
0.712367
1.584270
3.478623
2.843338
2.910236
2.198456
1.634529
0.061503
-0.497909
0.911172
1.200094
2.867665
1.934392
2.782596
0.525937
-0.200898
0.409558
0.106989
2.704289
1.489035
1.999975
1.707568
1.054587
1.524598
0.885715
2.573050
1.651367
1.057242
1.571430
0.432013
0.646318
1.978157
2.044519
-0.397616
-1.620514
-1.771891
-2.258854
-2.007806
-1.883836
-2.019503
-1.884420
-1.832039
-1.243144
-1.835481
-1.863000
-1.139188
-2.164849
-1.239553
-1.136083
-0.673612
-3.898875
-4.612084
-2.736496
-1.140951
-1.245442
0.526571
-0.466888
-3.430323
-3.798199
-2.586659
-0.679055
-1.237677
0.333556
-2.028498
-4.623773
-4.184171
-3.120448
-0.570033
-1.440115
-0.996999
0.568012
-0.585446
-1.307759
-1.476286
-1.300718
-1.345040
-2.505804
-1.553856
0.644498
0.530776
-1.078985
-1.080908
-1.802753
-1.297421
-1.808743
-2.697197
-3.012550
-2.295080
-1.690386
-0.890366
-1.823412
-1.462179
1.989702
3.660964
0.581835
-1.352180
-0.476830
-1.251860
0.006229
-0.677561
-0.881420
1.010925
0.907520
-0.406654
-0.443165
3.719761
-1.086546
-1.970695
0.525311
1.157701
-0.387716
-0.082325
5.179594
0.572514
-1.064117
2.408211
0.082769
-0.696390
-1.270496
1.053181
5.686505
4.756476
3.111111
-1.010967
-2.301310
-2.414989
-2.341986
0.028582
-0.634714
-1.935825
-2.685175
-0.508824
0.162080
-0.534851
-0.788530
-0.688168
-1.044809
-0.140587
0.940319
1.081641
0.338546
-1.554180
-0.791306
-1.123067
0.663586
0.350885
0.217103
-1.632251
-3.120446
-2.693524
-2.657572
-0.081234
0.278338
0.747869
-3.378010
-3.372673
-1.793439
-2.912671
-0.397297
0.379129
0.620430
-3.700878
-5.104202
-3.789125
-5.223216
-0.616449
0.470816
1.087124
-0.434448
-4.904446
-5.143598
-3.956551
0.330733
0.237067
1.020866
0.714649
-0.188654
-0.334322
0.234755
0.411527
2.469793
3.915707
3.565313
2.069270
1.466067
2.238920
1.994350
2.883210
1.558728
0.444784
-0.873695
-1.189650
-2.201990
-0.446392
3.201881
0.881039
-0.268055
0.788771
1.001465
0.164657
-0.396393
3.222961
0.883932
1.779258
2.397784
2.351655
1.786664
-0.099310
3.274700
0.002954
0.794624
1.595172
1.555883
1.454851
-1.080982
2.948579
0.238240
0.023901
2.094969
0.133167
0.250317
-0.105497
-0.064824
-0.219360
0.435516
-1.185884
-1.825644
-0.241458
-2.242643
2.456134
1.587704
1.539907
1.702031
1.870660
2.011864
2.989153
1.332313
1.098102
1.070595
0.274307
1.844200
0.398978
1.545541
1.271875
1.317519
-0.685742
-0.737680
0.469303
-0.235388
0.909023
1.281126
0.825508
-0.875034
-0.657418
0.146778
0.177543
1.730613
1.328816
1.149720
-1.988623
-3.060210
-2.333656
-1.605446
1.442968
1.237860
0.559163
0.036406
-2.110613
-0.834544
-1.034545
1.690162
3.256242
2.043611
1.844153
1.696416
2.740069
1.800525
4.065204
2.468954
1.273233
0.763547
0.845807
0.922335
0.686851
0.320661
2.667280
1.621786
0.562063
0.458956
0.319974
1.363186
1.271368
2.505835
1.017615
0.567960
0.377502
-0.323260
0.250043
1.356562
2.464255
0.298652
-0.735657
0.107495
1.029048
-0.380942
0.285649
2.632083
0.646726
-0.001817
-0.240386
-0.569937
0.250169
1.031696
2.655230
1.722119
-0.070780
-4.121885
-3.135736
0.616485
1.435574
1.886033
1.695436
0.284701
-2.491828
-2.786752
0.264399
1.318662
-1.136204
0.033856
0.082388
-0.468054
-0.637806
-0.783382
-0.800937
-0.230830
-0.498314
-1.005398
-3.131044
-5.514763
-3.532537
-2.233933
-0.302454
-1.954306
-1.333708
0.446985
0.094057
-0.291433
-3.010744
-0.446814
-2.072513
-0.660511
1.009076
0.678957
-0.084780
-3.977787
-0.022196
-1.792546
-1.866399
1.016196
0.475485
-1.077448
-4.112869
-0.030734
-1.611375
-2.813908
-5.573158
-6.335412
-3.483857
-2.472884
-1.475928
-1.112540
-0.018229
-1.200625
-2.339120
-1.196071
-1.461191
-3.359798
-2.836199
-2.521288
-1.708919
-1.611696
-1.981485
-3.386497
-4.005709
-0.060480
0.292686
2.276834
2.969703
3.133375
-0.752525
-3.492004
0.253412
-0.341649
-2.131648
-2.950951
1.252781
1.781349
-3.085409
1.267168
1.789174
-2.298997
-3.555233
0.525870
2.625803
-3.064945
2.297985
1.710368
-1.470490
-1.634390
0.741833
1.909036
-3.155481
1.306484
0.668046
1.483351
4.978720
1.309340
-0.291774
-2.506727
-0.124545
-0.877848
-0.160267
1.639158
-0.420975
-0.558674
-1.029122
-0.925410
-1.040174
-0.951524
-0.333392
-0.542800
-1.859405
-1.582908
-1.862632
-1.667956
-2.403135
-2.726888
-2.468280
-2.372724
-0.428520
-1.727931
-1.444995
-2.866639
-4.193602
-3.011529
-3.620327
-0.432360
-1.224199
2.088584
-2.305085
-2.703215
-1.563522
-3.005205
-0.300432
-2.756265
0.338602
-1.159099
-2.744305
-0.340785
-2.262337
-0.661071
-2.457863
-0.993000
-0.716739
-2.306004
-0.982169
-2.699557
-3.849049
-3.178274
-2.049358
-2.449983
-1.979724
-2.155106
-4.436451
-1.720881
-0.162149
0.093614
0.515709
0.734830
0.210539
-0.680923
-0.291631
1.216607
0.629767
-0.450545
-2.329343
1.194629
1.216734
0.712980
0.635632
-0.800892
-1.226311
-1.768958
-0.262386
0.404522
0.653895
0.314739
-1.844162
-1.724104
-1.056844
-1.244497
0.452248
0.479380
1.631490
-1.772178
-1.894239
-0.473956
-0.321132
1.204050
0.210428
1.567249
1.708382
-2.982547
-2.810820
1.409201
2.123861
-0.210196
1.389577
0.767728
-0.242006
-0.267187
1.226144
1.044206
0.802802
1.939976
2.187428
2.266151
2.020265
2.539492
2.413430
2.088002
2.466508
1.897696
-1.445031
-3.270576
1.824546
3.950811
2.602499
2.264073
1.511204
0.545466
-1.426052
0.003628
3.019650
2.773062
1.883465
1.363113
0.992769
0.064575
0.808657
2.597826
3.073158
3.334493
1.048820
1.040208
0.463831
1.657501
3.988494
2.740576
2.670246
1.668033
-0.556396
-1.723332
1.061271
3.850826
1.612562
2.619823
2.158750
1.197123
0.928141
2.056726
2.433476
4.548156
2.869852
3.045613
3.405908
3.506600
3.648520
4.397213
2.052022
0.341827
0.781919
1.542274
0.421019
1.742719
2.499186
2.346668
0.158597
1.086110
0.434835
-1.153033
1.321175
1.604253
1.894496
0.017871
-0.145918
-0.409344
-0.448582
-0.005043
1.826502
1.684707
-0.153029
2.142898
-0.303831
0.124846
1.738142
2.317943
1.923357
0.202037
1.918589
2.169779
2.596485
4.597760
2.283487
3.808711
1.275643
0.757072
2.050889
1.339125
2.058472
4.014977
1.188446
0.568159
0.418381
-0.261767
-0.393874
0.362575
1.378157
0.779331
0.993805
0.121231
0.378851
0.270456
0.993812
1.967490
1.272265
0.459488
-1.941494
-2.455939
-2.619307
-0.031500
3.815341
1.242711
1.894082
-0.532212
-0.602229
-0.357619
1.302521
3.820208
1.118626
1.329831
-0.028443
-0.495229
0.316608
0.132415
2.677778
1.029403
1.618873
0.978379
1.770769
3.698147
-0.430120
2.271033
1.115737
0.725863
0.738172
1.192500
1.322400
1.104036
1.500079
0.908439
1.276328
1.144515
1.762479
2.077121
1.349364
0.816415
1.820514
0.640523
1.285714
2.697427
2.150084
1.141570
0.914306
1.004090
-0.333444
-0.896612
1.446605
2.553691
0.370317
-0.267835
0.745159
-1.015443
-1.450440
0.913627
1.192861
1.225638
0.235197
0.873309
0.430002
1.756480
1.894269
2.442586
1.175979
0.211695
1.186152
0.561633
0.643873
2.464538
4.892920
0.563881
0.330657
0.576015
0.091657
0.691494
1.541190
2.631427
0.800573
0.161086
2.378620
1.236474
0.890355
-0.079744
-0.488276
0.272091
1.285545
0.729102
0.084070
-0.572017
-3.108876
-4.608216
-2.898648
-1.164936
0.188267
0.226434
-1.413799
-1.531690
-2.118849
-2.235252
-0.035067
0.388331
-0.637034
-2.718679
0.646354
0.359432
0.389151
0.452038
0.344923
-0.142880
-0.792108
0.854812
0.418058
1.172361
-0.146139
0.031477
0.477258
0.002116
0.459850
1.254478
1.226274
-0.736119
1.094558
0.509168
-0.255694
0.316577
0.864414
0.170685
-0.182440
