8.866639
3.770186
6.172518
6.511067
6.591660
6.787831
4.169051
7.224311
1.761222
2.438105
1.817311
3.608978
1.765749
5.365271
9.285347
3.010139
1.427403
2.568699
3.725168
2.902131
5.930531
9.762885
0.275281
0.932026
0.328883
3.055806
1.190166
5.418032
9.571631
-0.233140
1.014449
-1.276914
1.630879
1.711239
5.131567
7.212164
-1.097876
-1.438307
-1.608263
1.940182
-0.468060
4.018654
5.678468
3.927819
-0.565682
-0.488878
1.538896
1.175683
-0.086188
0.995157
1.354283
0.419542
0.168115
0.364979
0.245553
0.802667
0.435054
0.370170
0.491798
0.376308
0.657751
0.701707
0.376760
0.274592
0.649863
0.561852
1.052957
0.875378
0.780427
0.593079
0.235576
1.007334
0.635560
1.861402
1.235391
1.242209
0.792570
0.236183
0.602055
0.981309
1.967471
1.465610
0.770949
0.762544
0.446620
0.805234
0.466329
0.495803
0.184062
0.110377
0.628311
0.462849
0.554104
1.058286
1.577829
1.706321
0.677460
1.117650
3.878420
-0.595911
3.006988
3.893598
4.195091
3.062202
1.962635
0.105204
-0.439193
2.021596
1.129392
1.258330
1.893181
1.296747
4.372183
2.290704
3.373055
3.439816
4.655858
4.801385
4.071651
3.552714
3.468293
4.887577
6.443069
8.193915
5.558777
3.051780
3.620314
2.348956
2.484143
3.158179
5.371818
3.655126
1.780695
3.527216
2.119071
3.399710
4.596835
6.612091
2.736277
1.579460
2.993319
-0.182174
2.154421
2.514341
2.423427
1.982943
2.525497
-1.287954
-1.242609
-1.486107
-1.913551
-1.965758
-1.981051
-2.105087
-0.839715
-1.026834
-1.668145
-1.631697
-1.209861
-1.985507
-1.118960
-0.970102
-1.156139
-1.689245
-1.307561
-0.766417
-0.614686
-0.989460
-1.171563
-0.222348
-0.081044
-1.559207
-1.859151
-0.994619
-0.709723
-1.098329
-1.121136
-0.994867
-1.527005
-0.595833
-1.066475
-0.940463
-1.323916
-1.900891
-0.094330
0.214115
-0.813430
-0.540992
-1.792393
-0.303439
-0.608464
-0.302421
0.667579
0.159768
0.117161
-0.926615
3.223763
0.376996
-0.056810
-0.215164
-0.376436
0.201077
1.114794
-0.294440
0.422487
-1.157405
0.186917
2.225358
0.402500
0.407066
-0.667305
-0.858417
-1.152783
-2.275087
-2.587057
-1.097280
-1.923016
-0.303919
-0.718240
-2.431709
-2.883745
-4.172861
-2.185610
-1.445787
-0.429919
0.167395
-1.648410
-0.535435
-1.263074
-0.425479
-1.608611
0.097685
1.552977
-0.169744
-1.241768
-2.590176
-0.726861
-0.156382
1.264442
1.669427
0.651001
-1.189258
-0.962025
-0.016555
0.271078
-1.707776
-0.627568
-1.228912
-1.441139
-1.346774
-1.290019
-0.668776
0.430104
0.131094
-0.216720
0.079995
0.960366
-0.073429
-0.795923
0.086345
0.587974
0.478156
2.869863
2.840235
1.928528
-0.499152
0.435797
0.353275
1.865803
3.163262
1.012274
1.900606
-0.940847
0.425382
0.340074
0.854920
2.236763
0.584970
1.038674
-1.686169
-0.365594
-0.316108
-1.984171
-0.514671
-0.569475
-1.093483
-1.221834
-0.922018
0.369567
-0.386081
-2.431441
-2.638342
-0.741315
-0.212466
-2.626728
-0.589783
-1.827616
-1.870493
-1.716731
-1.665188
-1.125502
0.061819
0.802483
0.129767
-0.173798
0.322983
-0.077383
2.107533
-0.812518
0.544896
-0.898496
0.204664
0.802119
-0.734527
1.918820
-0.677565
-0.364106
-0.114585
-1.679116
-1.235144
-1.143790
1.356682
-0.479825
-0.359009
0.115922
-1.938957
-1.402230
-1.132335
1.479901
-0.514521
0.497741
-1.288362
-2.700919
-2.013823
-2.197828
1.954269
0.892776
2.680166
2.244957
2.236802
2.521644
2.049377
3.357280
0.843235
0.445130
0.215063
0.253888
0.176345
-0.034856
0.019621
0.716615
0.339625
0.612940
0.395576
-0.379229
-0.072675
-0.409077
0.869936
0.350287
1.284641
-0.428311
-0.834893
-0.407820
0.119313
0.598795
0.288560
1.125084
0.133986
-0.149913
-0.132624
-0.520917
0.821165
0.090744
-0.456200
0.194572
0.354000
-0.228637
-0.338752
0.637482
0.063597
0.592768
0.643479
0.457299
-0.323504
-0.190524
0.847061
0.391239
0.108712
-0.219200
0.026871
-0.510925
-0.120868
2.857046
-0.020291
1.966126
1.970710
2.382845
1.872652
2.240129
0.031198
-1.098752
-0.314771
-1.200758
-0.191900
-1.520396
-1.752940
1.777448
-0.081995
1.709743
1.555852
2.935931
0.948113
0.945355
1.913579
1.320009
3.797691
2.255577
1.673650
1.917332
1.044509
2.103644
1.275649
2.742929
1.876896
1.879835
1.085709
1.150363
2.077732
0.462212
3.158736
2.778109
2.762133
1.964768
0.831488
1.841881
-0.199617
0.821386
0.494095
-0.088398
0.178883
0.140470
-2.378826
0.197114
-0.709351
-0.564706
-0.476697
-0.413428
-1.763602
-0.070565
-0.210466
-0.820174
-0.161392
-0.374142
-0.216244
-0.808014
-1.070202
-0.828171
-0.710007
-0.922135
-1.344835
-0.529006
-1.765160
-0.945127
-0.815770
-0.086457
-1.138173
-1.031744
-1.131055
-1.959893
-0.866919
-1.374887
-0.406159
-0.979837
-1.128420
-1.226196
-2.342532
-0.948099
-1.256938
-1.539199
-0.478853
-0.086428
-0.738974
-2.026636
-1.338192
-0.153931
-0.748550
-0.072105
0.045534
-0.574755
-1.214689
3.443521
-0.163754
0.095497
0.206747
-0.178384
0.876307
0.971181
-2.083724
-2.127079
-2.626390
-3.122166
-1.744932
-2.667152
-2.070258
-0.523542
-1.148384
-0.882496
-1.408531
-1.137857
-1.162720
-0.506611
-0.952821
-1.539310
-0.288423
-2.057790
-1.142296
-1.914698
-1.479980
-0.971404
-1.529038
1.487975
-2.062262
-1.990989
-1.275948
-0.588969
-0.743685
-0.995497
0.136625
-0.356285
-2.137441
0.011513
-0.388447
0.411006
-2.183597
-1.687910
-0.029686
-0.484859
-0.373408
-1.239911
1.826607
0.570049
1.135677
1.227209
0.692255
1.184697
-0.153826
0.422186
-0.241802
0.042976
0.221676
-0.268628
0.249981
-0.897390
1.529261
0.684147
-0.497226
-0.761555
-1.828489
-0.074760
-2.628681
1.155061
-0.352722
-2.025640
-1.025253
-2.777640
-0.189338
-1.787811
1.228123
0.420901
-0.376391
0.397755
0.022880
0.729769
-2.448138
1.304615
1.390473
-0.669480
-0.258210
1.122845
0.239155
-0.992563
-1.347396
-0.494523
-0.377697
-3.407974
-2.560401
-1.534342
-1.763766
-3.391168
-3.156534
-2.505498
-1.755663
-1.393626
-2.705020
-2.477668
0.028751
-0.730356
0.148037
0.436296
-0.312346
0.874218
-0.250763
-1.055748
-1.535430
-0.004890
0.152441
-1.124654
0.593044
-1.566262
-0.806197
-1.545198
0.427524
-0.905662
-2.354324
-1.032057
-1.874593
-0.429379
-0.583716
-0.099620
0.483942
-1.500217
-0.501098
-1.814646
-0.459399
-0.319318
-1.741329
-0.714173
-0.864199
-0.523965
-1.380176
0.316074
-1.112183
-1.661221
-2.464709
-2.085263
-1.704986
-0.264057
-4.831613
-0.541075
-2.427217
-3.376997
-3.834410
-2.273268
-3.233054
-0.207510
0.949865
-2.055713
-3.819724
-3.559873
-2.484564
-1.818652
-1.421995
-0.830930
-3.496027
-4.346429
-3.401073
-2.471197
-3.739470
-1.785563
-1.834518
-5.639148
-3.141069
-1.936317
-1.645419
-3.668152
-1.842772
-1.140483
-3.486005
-1.421524
-0.940341
-0.550475
-3.358490
-0.540555
0.320809
0.475649
-1.778692
-2.593916
-0.078242
-2.622087
-4.076188
-3.058725
-2.923906
-0.817951
-0.554743
-2.170296
-6.089952
2.511303
-1.795302
1.231110
1.058303
0.567205
1.098092
-0.237509
-0.594648
-2.644512
-1.031384
-0.515605
-0.306267
-0.743716
-0.047694
1.159213
0.184719
1.140914
1.504117
2.350105
1.193979
1.750023
0.502100
0.387960
2.412678
3.761807
4.507018
2.448859
1.705144
0.780380
-0.510660
-0.115054
1.169757
2.497911
1.208077
0.929655
-0.324747
-1.382847
0.499729
1.790740
2.166534
0.872547
0.314594
-1.038761
-2.342975
-1.702990
0.820701
1.536071
0.006116
-4.162021
3.714690
-1.448822
0.379497
0.929282
1.884719
1.124485
-0.825762
1.191741
-0.278561
2.731383
2.864107
1.666076
4.786400
2.037758
2.446215
0.572293
4.793915
3.791276
2.286864
3.353829
2.286232
2.394303
0.309018
2.316330
2.178611
2.892162
1.645225
1.401506
2.460421
1.494169
2.106217
0.806587
0.683027
0.351867
2.040947
3.583189
1.230787
2.180463
-0.452866
-0.065081
0.904961
2.196558
1.123062
-1.275577
0.530667
-0.026736
0.046154
0.336083
0.186551
-0.249842
-0.569472
0.079239
-0.122877
0.001060
0.183334
-1.034493
-0.927329
-0.808592
-0.827788
-0.565642
-0.391922
-0.899114
-0.819114
-0.411198
0.039986
0.027762
1.130233
1.123463
0.649656
-0.276449
-0.067322
-0.402318
-0.132830
0.978563
-0.359890
0.463586
-0.511243
-0.273724
-0.379094
-0.224624
1.512549
0.246566
0.784485
-0.377751
-0.373165
-0.543809
-0.755985
0.041598
0.491894
-0.271406
-1.014062
-1.582504
-1.107770
-0.836229
-0.668278
-1.022981
-0.870943
-2.047646
-2.127574
1.171504
0.771097
-0.348853
-0.948001
-0.660310
0.068604
-0.373330
0.484802
-1.527343
-3.533544
-2.990169
-3.274950
-1.968606
-0.409383
-0.510791
-0.978288
0.190872
1.124619
0.292618
-1.370103
-0.818995
0.281796
0.532260
0.587954
-0.237045
1.656958
-0.497062
-1.251450
0.109164
-1.142344
-1.302556
-0.893495
-0.759965
-0.651387
-0.550762
0.510418
-0.006732
-1.704720
-0.991401
-1.535431
0.298759
-2.062942
0.121103
-1.103171
-4.223211
-4.895674
-2.368287
-1.441917
0.788548
0.553730
0.515601
0.546904
0.465741
0.955276
0.614154
0.135351
-0.322383
-0.543520
-0.936360
-1.830856
-0.803544
-0.118849
0.085871
-0.119286
-0.305510
-0.397036
-0.977105
-0.420742
0.130402
0.368860
0.652639
1.129494
-0.446890
-0.818011
-0.808315
0.017845
0.259560
0.793715
1.287165
-0.039903
-0.865560
-0.182053
-0.258247
-0.274929
0.345785
-1.224948
-0.865590
-0.560574
-1.360248
-0.752996
-0.067730
-0.825099
-1.261884
-1.604548
-1.318402
-1.663639
-0.365813
-1.258678
0.831798
2.881152
3.504046
3.375231
1.983953
2.314265
-0.555297
-0.097687
-0.093747
0.887681
0.990945
-0.092885
0.575857
0.528263
0.073124
1.558614
2.644734
1.131540
1.744685
0.910832
0.735100
0.885984
2.935375
2.044392
0.632053
1.776285
1.853581
0.554970
1.920983
3.855561
0.876899
-0.097715
1.514134
1.379621
0.367199
1.559439
1.608351
0.848061
1.356401
0.495626
1.345994
1.233219
2.949975
3.322105
1.228668
-0.108485
1.144820
3.246680
1.648712
0.777915
0.802178
0.415769
0.389300
0.673863
1.073684
-0.161552
0.653656
0.665734
0.334908
0.375867
0.041576
-0.333516
0.591146
1.050134
0.600809
0.663842
1.621753
0.522864
0.184632
0.704932
1.463253
1.603530
1.128505
1.235460
1.120507
0.044685
0.936367
1.311525
0.132851
-0.280427
0.441781
0.646573
0.248036
1.106816
1.568101
0.659236
-0.301430
0.218897
0.473074
0.288656
0.793147
0.390684
0.191584
-1.409231
-1.056970
-0.245724
0.517848
-0.339139
0.078941
0.474568
0.007411
-0.204105
-0.338989
0.408467
0.466624
0.732304
0.271753
1.044928
2.434754
0.227129
1.809322
0.597900
0.291310
-0.211046
0.512579
1.449222
-0.516903
0.896572
1.264512
0.067597
0.265547
0.552824
1.183193
0.226527
1.195184
1.322347
0.462507
-0.858864
0.554432
2.077821
-0.257087
0.961139
1.156624
-0.050647
-0.299802
0.029953
1.575962
-0.835459
0.472945
-0.105609
-0.372758
-0.484683
-1.086099
-1.136237
-1.118533
-0.520360
-0.171034
-1.460776
-1.031250
-1.161153
-1.088555
-1.778648
0.760307
-1.157038
-1.452269
-0.103155
-0.469587
0.003719
0.094984
-0.290437
-0.552175
0.155406
-0.266449
-0.418807
1.096014
0.055134
1.723758
-0.424663
0.657529
0.787769
-1.092455
0.193194
-0.435915
1.252439
-0.507978
0.087053
-0.329954
-2.371232
-0.297629
-0.882081
0.834978
-1.063671
-1.532642
0.687495
-1.512126
-0.867543
-0.570036
-0.437659
-0.375696
-1.242903
-0.553215
-0.747698
-0.678411
-0.717130
1.607473
4.962450
0.620961
2.411721
2.425701
3.478482
2.662219
4.925756
2.093429
0.662029
2.047279
1.108526
1.348630
1.160463
3.858560
2.996373
0.580395
1.564200
2.441004
1.747219
0.659572
3.662766
3.036957
3.063972
1.638992
5.654542
4.597509
2.787354
3.733687
3.359280
2.602115
0.462955
5.072714
4.401710
3.142455
3.458482
3.515471
2.372281
4.252666
1.998384
-0.189132
3.037421
4.466465
2.553932
-0.091591
3.229223
4.786665
4.146749
3.242443
2.781377
-4.373837
-1.431405
-2.202632
-2.285370
-2.559418
-2.410805
-3.810059
-1.275452
-1.221750
-2.094559
-1.808140
-1.779258
-2.757560
-2.945056
-2.628496
-1.735779
-1.283114
-1.454616
-1.451957
-2.209140
-1.648173
-2.845979
-0.981218
-0.771703
-0.399652
-0.225917
-0.997952
-1.404315
-3.058710
-0.977952
-1.686495
-0.618068
0.042960
-1.283541
-1.671875
-1.872874
-1.164239
-1.066450
-2.094205
-2.809699
-1.295293
-1.688821
-1.860808
-2.506165
-2.980820
-2.437541
-3.166526
-1.792062
-2.961018
-4.841589
2.854732
-1.573956
-3.048629
-3.521050
-2.439019
-3.585684
1.025277
2.334273
-0.023454
0.745583
-0.160917
-0.127005
-1.376133
-2.844038
-1.043009
-0.923918
-1.296772
-1.398801
-1.247150
-2.582321
-3.093287
-1.499110
-1.601437
-2.400204
-1.188375
-2.522491
-1.807700
-2.756459
-1.572015
-0.580631
0.285957
0.660407
-0.734443
-1.599211
-1.532329
-0.591100
-1.689511
-0.780651
-2.308703
-1.658983
-2.407097
-1.884308
0.417733
-1.350561
-0.851696
-1.209985
-1.356701
-0.757242
-0.457706
0.556159
1.357133
1.852198
1.793650
1.628919
1.341871
0.918326
-0.251338
-0.248783
-0.623170
-0.560816
-0.081748
0.178479
0.825585
0.020237
-0.050618
0.560069
0.932957
1.243369
0.576251
0.973836
0.321119
0.519794
0.933962
1.315663
1.422707
0.630194
0.836115
-0.241658
0.503276
0.264412
1.040026
0.153348
0.002298
0.328252
-0.522527
0.447231
0.417214
0.409505
-0.311399
0.153831
1.382589
0.760698
0.062985
-0.547372
-0.122932
-0.031454
0.875676
1.996212
0.319032
1.614078
1.316453
1.600725
1.584082
2.449584
0.045914
-0.004966
-0.481357
-0.356047
-0.064815
-0.170986
0.772896
1.212280
-1.284014
-0.160694
-0.378534
-0.087644
-0.026138
0.809658
0.927947
-0.626148
0.894239
-0.041655
-0.776270
0.236640
0.651310
1.315723
-0.492208
0.690081
-0.720589
-0.929270
0.583738
0.906680
1.189846
-0.078841
0.024688
-0.200492
0.624624
-0.324359
0.542632
1.225850
-0.598676
0.686929
0.142160
0.149927
-0.418423
1.046591
1.396078
-0.105670
-0.011601
-0.445981
-0.475468
-0.121218
-0.043021
-0.031470
-0.303799
-0.467899
-0.658190
-0.740675
-0.557429
-0.184697
1.204956
-0.471671
-0.210195
-0.043730
-0.600538
0.193080
-0.768631
1.067444
-1.194710
-0.449147
-1.080715
-0.695111
0.773063
-0.334007
0.987244
-0.249440
0.731472
0.463195
-0.141513
1.666147
0.806704
1.198772
0.067947
-0.098005
0.237465
0.213682
1.322247
0.707997
0.572523
1.012528
0.347190
-0.863976
-1.600513
0.061494
-0.516795
4.057575
-0.854438
-0.184710
-1.164891
-1.175162
-0.460892
0.321475
-1.543805
-2.231157
-2.412845
-2.522295
-1.635680
-2.446567
-1.360289
-0.087060
-1.847989
-2.636914
-1.813919
-1.624783
-3.126296
-1.125836
-0.392115
-2.010217
-1.337701
-2.723237
-1.333248
-3.374361
-1.147980
-0.382959
-1.933846
-2.496375
-3.776175
-1.211087
-2.123176
-0.175095
-1.134176
-1.955548
-1.481773
-2.735351
-2.502913
-2.819045
-1.266733
-0.969545
-2.908410
-2.099329
-1.488385
-1.298756
-1.692321
-1.930594
-0.909749
-0.423535
-0.460108
-0.008997
-0.115087
-0.238732
-0.594534
-0.635193
-0.986221
-1.326857
-1.598043
-2.229472
-1.685768
-0.373089
-1.474846
-1.342328
-3.100763
-0.766382
-0.640182
-2.181736
-1.429452
-1.311709
-1.354885
-2.792951
0.473838
0.026312
-1.271687
-0.318546
-1.470261
-1.581813
-3.133259
-0.538816
-1.070116
-1.331413
-0.396280
-0.679053
-1.708184
-1.454147
-1.164409
-0.280013
-1.478309
-1.044218
-0.464918
-0.758063
-0.892037
-0.662385
-0.673142
-0.804530
-0.887775
-2.221378
-1.045443
-1.857160
-1.854186
-2.094136
-2.311272
-3.205204
-0.855608
-1.635437
-0.953330
-1.034891
-0.039122
-2.263411
-2.682029
-2.143106
-0.780465
-1.519452
-1.175689
-0.000733
-1.542624
-1.949765
-1.860580
0.660128
-0.728451
-1.356336
0.179008
-1.530922
-1.735460
-1.903224
-0.154458
0.109709
-0.049049
0.312338
-0.890467
-1.180186
-2.096793
-1.196797
0.412178
1.860710
1.659636
1.643576
-1.773403
-1.402960
-1.927541
-1.844661
0.887024
0.197976
-0.021920
-3.087456
-0.291901
-0.532235
-0.590982
-0.166913
-0.257712
-1.132372
0.677236
-0.306393
0.467763
0.481727
-0.175268
1.198272
-0.354264
0.362200
-0.770646
0.797440
0.740091
-0.807893
-0.393536
-0.367384
-0.466085
-0.655002
1.432039
0.448954
-0.867492
-1.027037
-0.668179
-0.231913
-0.816499
1.058201
0.945413
-0.219833
-1.180611
0.551470
0.582991
-0.592271
0.126906
1.001406
-1.708397
-2.447766
0.091528
1.086165
-0.157069
0.342576
-0.467899
-0.598476
-0.911730
0.422149
0.681739
-1.124102
-1.361426
-0.646698
-0.329226
-0.177766
-0.315553
-0.087399
-0.564165
-1.315595
-0.803097
-0.620975
-1.109993
-0.757858
-0.069783
-0.220353
-1.222662
-0.871267
0.378758
0.962153
-0.517731
-0.327728
-0.413766
-0.503462
-0.389620
0.154178
1.598311
-0.126636
0.506894
-0.501382
-0.999416
-1.167442
-1.273045
-0.664732
-1.151094
-0.141059
0.464706
-0.219148
-1.172030
-0.783523
-0.200713
-0.844976
-0.593548
0.513311
-0.108255
-0.162830
-0.434085
-1.356514
-0.486009
0.527602
3.445329
-2.231227
-0.442050
-0.567524
-1.293803
-0.503176
0.723321
1.372602
-1.944473
-2.810445
-3.103362
-1.390676
-4.565167
-3.591543
2.506419
-2.909403
-2.310305
-0.543616
-0.203783
-0.852236
-4.005836
2.204089
-3.107567
-1.987396
0.022032
2.696243
-0.465258
-1.837103
2.080584
-2.961943
-1.540042
-1.091018
-0.003700
0.317842
-2.166117
2.624242
-1.787915
-2.574017
-0.090808
0.021286
-1.655482
-2.266867
1.548016
-1.098513
-1.724512
-1.450257
0.672778
-2.135742
-1.324251
-0.415599
-0.561112
0.298495
0.103382
-0.163439
-0.078467
0.144539
-0.435504
-0.962535
-0.716451
-0.578722
-0.447620
-0.100084
0.793659
-0.004645
-0.585959
0.258426
-0.158902
-0.411438
0.119096
1.498211
0.242280
-0.623709
1.141644
0.290416
-0.045673
0.105023
1.898231
0.402895
-0.093688
0.763459
-0.154510
-0.076027
0.256463
1.139516
-0.265428
-0.758260
-0.578023
-1.393077
-1.409871
-0.309251
0.391336
0.811141
0.575701
1.470882
1.742873
1.699385
1.572061
1.882743
-0.661466
-2.138018
-1.320392
-1.559858
-1.225999
-0.882159
-0.215829
-2.332702
-1.623947
-1.077880
-1.496377
-2.116371
-0.900132
-1.753982
-1.185908
-0.042635
-0.152232
-0.835942
-1.936024
-1.107289
-0.187087
-1.149135
0.266355
-0.463778
-0.901489
-1.312630
-1.607567
0.681843
-1.023483
0.092511
0.287112
-0.966615
-0.619267
-2.000612
0.463534
-0.638398
-0.144110
1.233360
-0.205303
-0.079186
-0.439828
-0.281261
-0.996132
-2.137724
-0.911489
-0.613962
-0.711586
-1.010931
-1.121437
0.934903
0.652378
0.217643
0.060070
-0.022218
0.748338
0.303662
0.416080
0.455362
0.250678
-0.066248
-0.591911
0.139632
-0.143173
0.683553
0.742446
1.054130
0.663886
0.121144
0.561369
0.340310
0.604240
0.169563
1.280218
1.353215
-0.518613
1.555959
0.386082
0.414213
0.281323
1.646770
1.064509
-0.265958
1.017261
-0.203939
0.627254
0.011611
1.221012
1.301432
0.458372
0.883395
0.067639
-0.382604
0.013567
0.077007
0.976221
0.294197
0.544647
-0.619547
-2.198763
2.043430
-1.531528
-0.822107
-0.149584
0.369571
-0.739874
-0.002192
1.605932
0.314361
1.552869
0.468377
1.296599
0.475152
-3.488738
-0.966883
-2.825476
-3.245111
-3.409538
-3.313908
-0.793406
-3.478738
-1.761775
-2.538409
-4.464263
-3.716660
-4.474313
-0.407879
-3.852980
-0.904160
0.343364
-0.933843
-1.679749
-2.904946
-0.963820
-3.073865
-0.882835
1.363422
2.158708
0.947102
-0.568792
-1.071215
-2.449365
-1.892978
-1.791356
1.619402
1.472301
-0.727166
-0.195618
0.344586
0.449084
0.088712
0.512685
0.983657
0.778990
0.009039
-0.284897
-0.678181
-0.646728
-1.175315
-1.403050
-0.267051
-0.106933
-0.003830
-0.430299
0.272825
-0.736474
-0.723021
0.004420
0.353761
0.133396
0.465888
0.815898
0.701803
0.795179
0.140880
0.075214
-0.115041
0.283213
0.314257
1.224975
1.248891
0.630356
1.037410
-0.363649
-1.327662
-0.167252
-0.500818
-0.464489
0.558637
0.988035
-0.040782
-0.157180
-0.240074
-0.929889
-0.447262
0.696188
0.342336
-5.565382
-0.868761
-0.514761
1.287714
1.859024
-0.259463
-1.890490
0.316917
-1.119267
0.823434
2.431095
4.427614
0.871935
1.093588
-0.480425
0.297421
1.879190
1.828672
4.283755
0.246571
1.468414
0.460373
0.733737
2.045516
1.357604
3.487640
1.194232
0.736006
0.618492
-0.159727
2.161369
3.583839
4.778331
1.459427
0.533453
0.433160
-0.221430
-1.325328
0.116356
2.448400
-1.388576
0.322080
-0.525941
0.282954
-0.455018
-0.901626
-1.205346
-1.479663
-1.675340
3.054908
-0.877898
-0.143313
-0.069508
-0.342313
-0.322988
2.435830
-2.322473
-2.553939
-1.994033
-0.720387
-1.540849
-1.698927
-1.006444
-0.413256
-1.498225
-1.147413
-1.852675
-1.911100
-1.970614
1.320119
-0.990746
-0.956062
-1.183805
-1.340864
-0.121800
-1.747429
2.165525
-0.999248
-0.751500
-0.474938
0.697311
0.558853
-1.131841
2.298460
-1.113799
-1.750237
-0.167199
0.576501
1.132165
-0.764159
1.304642
0.496770
-0.611294
-0.743586
0.226976
-0.105834
-0.935659
1.451164
2.813797
1.163287
1.485291
1.082811
1.320344
1.394022
1.534744
-0.563518
-0.143406
-0.224847
-0.700584
0.199982
-0.794656
-0.226268
0.798458
0.010362
-2.143800
-1.793123
-0.601211
-1.145728
-0.272141
1.043241
0.492848
-0.928926
-1.050430
0.588320
-0.304868
0.105800
1.255675
0.658620
0.201973
-1.247818
-0.668463
0.212210
0.178600
1.445140
1.698394
0.514714
0.302892
0.823852
1.139825
0.951859
1.770919
1.144351
1.809254
1.744771
1.897198
1.774549
1.837266
-0.508427
-1.550617
-0.748947
-0.807105
-0.863491
-0.992140
-1.282087
-1.539016
-1.205197
-1.214738
-0.565728
-0.792162
-0.719348
-0.734838
-0.832462
-1.224235
-0.311883
-1.470526
-1.567978
-1.115279
-0.619368
-0.761043
-1.173993
-1.013654
-1.891927
-2.226814
-1.501395
-1.003017
-0.840050
-0.783637
-1.097930
-1.635406
-2.214251
-0.721458
-0.419319
-0.749218
-0.288260
0.400782
-0.059181
-1.352948
0.082069
0.050116
-1.060672
-0.744910
-0.371634
-0.160302
0.171054
0.302941
-0.887242
6.573031
0.126164
4.464333
2.290096
2.063311
3.407022
1.580180
-0.813019
-1.967578
0.875988
-1.553127
-1.812580
-1.369191
-3.142447
3.169918
0.519518
2.198791
0.905563
1.965070
3.473743
-1.775217
2.713889
0.880348
3.769205
3.313297
6.240694
5.388569
-0.627609
2.642587
0.327626
3.378156
1.458354
3.222747
3.765162
-1.402282
3.683711
2.123499
3.310396
3.364084
4.458821
2.377373
-0.426430
-0.019611
-1.122839
0.557105
-0.337166
-0.728461
-0.644732
-5.524161
-10.254631
-1.169263
-5.728620
-3.785374
-2.801684
-3.433080
-9.516395
1.780293
2.577931
0.149106
0.982416
-0.598680
1.522762
0.065445
-3.085779
0.777596
-1.820344
-1.864178
-3.908980
-1.824035
-2.269254
-2.274996
1.232586
-1.236867
-0.250624
-3.157405
-0.494004
-0.591878
-2.632568
1.636983
0.288647
0.364233
-2.178561
0.397027
0.454219
-3.011274
-0.090057
-0.121712
-1.894718
-4.168765
-0.594459
-0.756733
-7.173712
-2.371606
-5.486435
-1.628752
-1.347917
-2.372028
-9.171351
-0.935778
0.606561
-0.394074
-1.344714
-1.773084
-1.543472
0.328222
3.574952
2.520947
1.857101
0.587537
2.195763
0.183928
1.519737
3.375731
-0.018627
1.164807
2.431338
2.783534
2.381517
1.669786
3.049214
-0.930810
1.654583
0.716224
1.442561
2.156344
1.492838
2.953322
0.139087
1.842407
1.317888
0.758032
2.598737
1.317488
2.276077
1.038788
-0.180234
0.641851
-0.513156
0.230100
2.377256
1.259811
2.026147
0.688670
0.167445
-0.694600
-0.357240
2.481282
1.797498
0.606604
0.850237
0.245543
-0.073655
0.007074
0.986321
-0.585836
0.339120
-0.120264
0.483436
1.004248
0.791752
1.022625
0.679983
-0.358792
-0.163701
-0.067767
-0.404654
0.141710
1.012182
0.116360
-0.689295
-1.417479
-1.578198
-0.618584
-0.708278
0.424177
-0.328386
0.929690
-1.024605
-2.022011
-1.177865
-0.420040
1.535122
0.074751
1.740208
1.616784
0.249601
-0.750213
1.173525
1.416752
0.198975
0.743837
1.177849
1.106333
0.301924
0.925851
1.163433
-1.043449
-0.751730
-0.631110
-0.795315
-0.757501
-1.161779
-1.887183
-0.815858
-0.673569
-0.575213
-0.764180
-0.455305
-0.125540
-0.640090
-0.425224
-0.704303
-0.921144
-0.955457
-1.101160
-0.656502
-0.204629
-0.347755
-0.784382
-0.246043
0.173918
-0.052040
-0.412507
-0.007835
-0.232774
-0.777603
-0.361152
-0.142134
-0.330261
-0.415244
-0.017145
-0.462140
-1.043102
-0.675391
-0.049826
-0.778962
-0.746437
-0.818631
-1.750125
-1.324807
-1.216356
-1.144192
-1.355751
-1.197474
-2.207145
-6.750889
2.405597
-2.924429
-1.624907
-0.433068
-1.770628
-1.555352
-0.293815
0.888196
-1.061474
-2.268579
-2.093719
-1.171362
3.696012
-5.761271
-1.098863
-1.782128
-3.051446
-1.810818
-5.151965
1.796484
-4.007229
-0.070033
-1.487696
-1.162683
-2.874075
-3.578751
1.527297
-4.262717
-0.511915
-4.058893
-1.790107
-2.430015
-4.922895
2.150090
-3.623010
-1.734293
-2.501190
-2.053626
-2.379399
-3.174118
0.560343
-1.199339
1.960763
1.035885
0.931919
1.290771
1.335011
5.983056
1.238612
0.349085
-1.361848
-1.235243
-2.146266
-1.422875
-2.549016
-0.330619
-1.306602
-3.495640
-1.465343
-0.591306
-2.036778
-0.813469
-0.631974
-3.723257
-2.293394
-1.638387
-0.374901
-0.195735
-1.263847
-0.740065
-4.509454
-1.371000
-3.562991
-0.469924
-1.759443
-1.034506
-0.828935
-5.274699
-3.661486
-3.640442
-1.873759
-2.514993
-0.827340
-1.255729
-4.014629
-3.329675
-1.083441
-0.413602
-1.105514
-2.687839
0.013414
-1.098235
-2.369171
-0.936327
-0.733702
-0.337528
-3.088000
-0.043047
2.608479
2.097281
2.529655
3.152524
3.338749
3.598822
2.867001
5.956289
5.409503
5.088983
4.414091
5.154730
6.538353
2.342496
3.498716
0.486396
2.119308
2.107787
2.562579
5.494782
1.709293
3.681318
0.524858
2.063638
2.384138
1.591781
4.441011
1.670304
4.335077
1.881579
1.781947
2.416311
0.784109
4.166820
1.827320
3.343009
3.359058
2.784110
1.915855
1.603742
4.817598
1.156446
1.915333
2.964220
2.328866
1.975212
1.946135
4.452947
5.926277
-2.155496
-1.983706
-1.540145
-1.206399
-1.210951
-0.776146
-0.814521
-0.732523
2.002846
2.390208
2.252707
2.127134
-1.404504
-0.653593
-0.493795
-0.195282
-0.218159
1.185247
-1.634717
-0.126356
-1.240614
-1.487858
-2.766008
-1.637326
-1.644586
-3.753747
-1.622757
-1.522661
-2.722918
-1.472331
-2.002597
-2.192830
-3.098588
-0.299356
-0.033047
-1.714160
1.159819
-1.810771
-2.848636
-0.469666
-0.341955
2.498947
-0.788054
0.693679
3.671870
4.083931
1.754247
-0.488998
4.193010
0.051924
1.495555
1.834067
1.854673
1.748813
2.436897
-0.245856
-2.002134
-0.102145
0.235088
-0.081890
-0.306373
-1.420736
1.206876
-0.725139
2.565869
2.613811
2.424255
2.232535
0.937427
0.991177
0.151861
1.332196
0.992155
0.011549
1.657738
0.269926
1.204258
0.615774
1.920631
1.129607
-0.152565
1.429857
0.735722
1.980097
-0.567585
1.218451
0.739032
1.000277
1.008441
0.976932
2.784801
0.321355
0.875345
-0.380019
-0.366590
0.144744
0.728566
4.726588
0.889486
0.734191
-0.782928
-1.197922
0.320140
1.563391
-0.335206
-1.408230
-1.808810
-2.928569
-3.529924
-3.311538
-0.755838
0.584354
-2.147312
-1.541487
0.040674
0.659727
-2.401872
-1.057004
0.356287
-0.882545
0.401236
0.510393
-0.458162
-1.558053
0.047474
0.428394
-1.482429
-0.674296
-1.094655
-1.071001
-3.415555
-1.158344
1.062752
-1.832528
-2.866544
-2.076860
-0.190608
-5.114325
-1.300343
1.090344
-1.061242
-1.994571
-4.304836
-3.366784
-3.442950
-2.036532
0.660802
0.698245
0.498679
1.454685
2.378747
1.478133
-0.650867
-0.705880
-0.726830
-0.936291
-1.402304
-0.918591
-1.723269
-0.216183
-2.028040
-1.208189
-1.845286
-2.833739
-3.584754
-4.914276
-1.222405
-1.627802
-0.670810
-2.020773
-1.351317
-1.510099
-4.279627
-0.904267
-2.063715
-0.609890
-1.056820
-0.056859
-0.456321
-2.858119
-0.099256
-1.202488
0.586943
1.514797
0.576007
1.314860
-0.114389
-0.199661
-1.791113
-1.131916
0.709429
2.631031
2.760704
0.727135
-2.499120
5.226717
-0.947195
0.262538
-0.272517
-0.314763
-0.593066
0.336948
-0.073036
-1.532531
-0.031570
0.231057
0.380943
-0.577470
-0.313186
0.478085
-1.322480
-0.796913
-0.592768
1.123175
-0.819290
0.067497
0.327175
-1.436836
-0.648323
-0.664722
0.975084
0.020829
-0.234745
0.599180
-2.397681
-1.904033
-2.158445
0.276107
0.147761
0.621815
1.564018
-0.812603
-0.877968
-1.473879
-0.845154
-0.367513
0.113525
2.179114
-0.433627
-0.433845
-0.962777
-0.676652
-0.536547
-1.349383
-0.663768
1.126461
0.083166
-0.868022
-1.450224
-0.535537
-0.868004
0.364504
0.726358
-0.256509
-1.122594
-0.946736
-1.396770
-0.599507
-0.225687
-0.778370
-1.540420
-1.954486
-2.552431
-1.296908
-1.105414
-0.102667
-1.149676
-0.277778
-1.114325
-1.500286
-0.425661
-1.728767
-0.194773
-0.021639
0.373977
0.702571
0.268741
0.660681
-0.733513
-0.103694
0.134561
0.053551
1.035366
0.845571
-0.166470
-0.824245
-1.784146
-0.408436
-1.317230
-1.055190
-0.933185
-1.445052
-2.339202
-7.628063
2.143313
-1.299183
-0.872745
-0.343772
-1.257684
-1.875351
2.609259
4.033808
1.363086
0.564054
2.354949
1.441047
2.801631
-1.788730
2.063268
-0.758051
-0.600257
0.321621
-0.619909
0.380551
-1.234473
0.825409
-1.883866
-0.936028
-0.386084
-0.602147
-0.373185
-1.334935
-0.010084
-1.210756
-0.002172
-0.113817
0.430374
0.933002
-1.664714
0.733215
0.392917
-0.452508
0.404578
0.174999
1.270398
-1.544293
1.690953
0.662670
0.859279
0.415880
1.087667
2.575783
5.821435
1.330029
3.714197
3.955865
3.550429
3.912432
3.829027
1.681587
1.212634
3.207036
2.571038
2.634454
2.172387
2.306212
4.646256
1.711690
2.389182
1.001082
2.111040
3.368028
3.414013
4.223652
1.469331
2.330070
1.236326
4.673565
3.599389
4.296395
4.087370
0.069173
2.625562
1.902620
5.528695
3.712804
4.979301
4.462522
0.585941
1.985755
1.354450
4.272339
1.459186
4.232059
4.188480
2.219989
3.036111
5.473230
5.786427
4.180852
3.614243
-3.339504
-0.211832
0.502269
0.655196
0.769907
0.438151
-0.433112
-1.454612
0.788623
0.348146
-0.954934
-0.215053
-0.840669
1.200639
-0.678714
1.385700
0.961918
0.173759
0.086732
-1.072173
0.950446
-0.391008
0.400325
-2.693726
-0.036539
-0.811624
-1.563415
0.141211
-1.002373
0.847995
-0.289613
0.370469
-0.613074
-0.208955
0.534424
-0.848490
0.957782
3.489148
2.600670
2.167039
1.365510
0.873882
-0.646064
0.979633
0.749217
1.992996
3.359508
1.001995
-1.321998
0.226877
1.746950
0.316119
-0.821041
-1.299264
-0.215948
0.357110
0.878828
1.906535
0.653743
1.492509
1.081370
1.352621
1.056864
-0.053893
0.968910
1.753297
1.650451
1.616359
1.530797
0.367818
-0.122734
0.560841
1.575603
-1.328135
-2.087340
0.222734
0.456250
-0.146774
1.101023
1.856720
-0.131643
-0.240974
0.121343
0.743110
0.313464
0.904585
1.029192
0.118698
-0.223263
0.444697
1.095165
0.400746
1.733109
1.036676
0.425281
0.154196
0.826697
0.853966
2.372573
-0.043991
-0.045306
-0.004951
0.234057
0.648569
-0.124137
-0.691042
0.329761
1.266088
1.370293
0.536464
3.056720
1.141394
-1.183064
-0.236458
-0.253167
-2.002800
-3.277582
-0.659075
1.259847
-1.152894
-0.133705
-0.045399
-2.684155
-4.405739
-0.831747
0.626769
-1.138523
0.887017
1.140954
-1.821936
-2.678515
0.708452
1.259055
-0.910317
0.650685
1.873799
1.158071
0.748010
1.371907
0.100121
-0.960859
-2.270653
-1.943249
-0.974662
-0.940723
-1.671162
-2.678098
-0.307901
0.226176
-0.082062
-0.051258
0.077231
0.137145
-0.239108
0.559341
0.368604
-0.019044
0.271647
0.047463
-0.232122
0.187187
0.364519
0.008811
0.071364
0.048342
-0.406679
-0.394705
1.088178
0.753542
-0.542332
1.642503
0.736933
-0.506505
0.940391
1.523562
0.715003
0.193054
1.288868
0.732876
-0.824524
0.156931
0.268742
0.933782
0.754561
-0.250849
0.174592
-0.070475
-0.731483
-0.010123
0.990558
0.385410
0.346417
0.652683
1.065004
-0.034325
1.278540
-0.344926
0.650589
-0.402416
-0.279841
-0.586727
-0.043222
-0.149512
0.297310
-0.767174
-1.004911
0.062123
-0.540352
-0.272425
-2.299613
-1.573607
-1.454742
-0.142657
0.966581
0.217314
0.664016
-4.505523
-1.708674
-0.910121
-1.779195
-0.962348
-0.468909
-0.888368
-3.772742
-1.612863
-0.815677
-0.408564
1.525220
1.494030
0.159566
-3.129580
-0.505012
0.451872
0.493482
1.510828
0.521908
1.273184
-1.106071
-0.674205
0.157906
0.348312
0.439598
0.390869
-0.222892
-1.498256
-0.889081
-2.307725
0.172503
0.462516
0.931889
0.035285
-1.332411
-1.126964
-1.670384
-0.497600
0.140687
0.475638
0.655935
-0.070731
0.629464
-0.621356
2.265624
0.886687
-0.321294
1.753624
0.971234
1.052038
-0.156527
3.510912
0.659900
-2.178050
1.429410
1.043643
0.736380
-0.599115
3.339991
2.936134
-0.093443
2.220151
0.840142
-0.280073
-0.919340
0.304088
0.864393
1.505807
0.402699
0.683263
1.796824
2.116568
3.354218
2.701327
2.766541
2.389032
3.355583
-4.732330
2.754977
0.403478
0.708774
1.181840
1.111811
-3.464042
1.542122
3.141963
4.227421
3.024266
2.115362
6.179647
1.986905
-0.322177
2.760109
0.865085
1.901063
1.249051
4.179042
-0.827885
-0.619724
2.176972
0.069443
1.544648
0.359330
3.823357
-0.425059
-0.786248
1.801474
2.103000
2.931380
2.803783
4.567492
-0.417887
0.201149
2.881261
3.377910
3.074056
2.275105
4.061530
-0.832838
-2.875171
-0.041931
-0.747947
-0.425767
0.029420
0.029402
-3.261023
2.567002
1.020705
1.053678
0.615330
0.552240
0.767478
1.162164
1.620793
1.061003
1.190514
0.335220
1.041798
0.634812
0.380004
2.023910
1.136425
1.725750
3.500017
4.140559
2.244489
1.586722
2.423477
1.128523
1.589738
3.374443
3.162550
3.079685
1.668119
2.668616
0.017483
0.546752
3.522685
3.397419
2.139742
0.638687
1.902140
1.085500
0.662899
1.214597
0.404808
1.168816
0.265152
1.232867
1.808150
2.300203
2.545699
1.216325
1.729868
1.193271
-0.429739
-0.372161
-0.440163
-0.309186
0.174181
-0.375040
-0.579133
-0.130816
0.002591
0.022619
-0.688012
0.064590
-0.729024
0.047512
0.012505
0.409580
-0.075278
-0.585229
0.119696
-0.824953
0.451394
0.168855
0.917059
-0.335554
0.019268
0.587774
-0.163132
0.695005
-0.136032
0.113129
-0.274882
-0.398570
0.208319
-0.647238
0.209545
-0.143163
-0.022890
0.623365
-0.060823
0.083476
-0.603923
0.947817
0.587948
0.435007
0.963414
1.148309
1.135469
1.056316
0.757764
7.310292
7.889996
8.057528
7.820396
7.856859
7.684711
5.566173
2.379055
4.491953
4.186954
2.765801
2.264286
2.296924
0.157054
1.755632
2.201064
2.306815
4.419586
4.854617
2.772240
-3.003146
1.646219
-0.355009
-0.414150
3.657938
7.717192
2.028189
-4.071164
1.657737
-0.288684
-2.341274
4.194420
8.275578
1.767697
-3.976053
2.323238
4.641348
1.600543
4.389495
5.794521
0.707355
-1.335983
6.863045
7.079262
8.329069
7.827866
7.242530
7.908900
4.417571
3.610816
1.956832
2.285240
2.264540
1.474553
0.965869
3.169492
2.189325
-0.110305
-0.950760
-2.152184
-2.563652
-1.535520
-0.513608
1.825756
-1.407230
-1.917254
-1.613331
-0.490751
0.132617
1.194391
1.404921
-2.433135
-0.764795
-0.052448
1.707345
2.585522
2.944118
1.800764
-2.619049
-0.387041
1.537169
3.162053
3.167495
2.723846
1.792614
-1.327933
-0.687355
1.099987
1.728004
1.171052
0.766853
1.959166
-0.346305
-0.230648
0.455168
1.122444
-1.005043
0.323187
-0.070071
-0.496181
-1.053437
-0.482328
-0.392864
-0.522504
-0.577610
-0.952509
-1.347664
-1.175843
-0.035415
-0.127576
-0.256166
-1.073240
-1.202449
-1.285461
-0.585984
-0.019620
-0.387613
-0.220815
-0.553266
-1.244874
-1.775309
-0.383356
-0.214797
-0.536822
-0.505199
-0.347441
-1.013230
-1.418246
-0.453220
-0.393958
-0.988774
-1.004288
-0.585923
-0.890410
-0.559362
-0.892384
0.167731
-0.435393
-0.303429
-0.970339
-1.537748
-1.600078
-1.512418
-0.860395
-0.844576
-1.610993
-1.474418
2.792641
0.689140
0.814100
1.659436
1.847905
1.350467
0.378120
0.334241
1.854488
2.405337
1.776927
0.307757
2.040642
-0.404227
0.897540
2.924978
1.273295
1.804951
1.099308
0.507994
0.967784
0.781677
2.304501
-0.125287
1.217461
0.839410
0.606078
0.441744
0.449512
1.439846
0.067655
0.360435
0.188397
0.158467
0.268486
0.708118
0.796103
1.016219
-0.679210
-0.466209
-0.101222
-0.393771
0.693942
-1.208302
-0.502064
-1.886894
-2.344353
-1.473409
0.097223
0.742687
0.868482
1.309522
1.846588
2.021813
1.513987
1.862632
0.650041
0.529512
1.262316
0.697678
0.606422
1.278025
0.553086
1.059190
1.015840
2.890314
2.078590
2.154341
2.942467
1.193442
1.504024
0.599220
2.776550
4.557188
3.055515
3.140633
1.120054
1.559114
0.866151
0.515066
2.706546
1.695840
1.576113
0.917852
0.883251
1.669020
-0.126739
-0.208065
0.063861
0.118461
1.195699
0.638709
0.228179
1.860254
0.670619
1.065311
0.680735
1.895017
2.506746
0.864608
1.887857
2.140413
2.073480
1.717688
2.014035
2.265419
-0.926609
-0.604097
-1.218933
-0.510174
-1.635141
-0.957787
2.877171
-0.704353
1.648893
1.156960
1.143980
1.697497
-0.861856
2.102401
-0.228487
1.559512
-0.499703
0.921877
0.685240
-0.371959
1.972692
-0.168797
-0.144256
-0.972758
0.989478
0.811693
0.343362
2.574493
-0.269670
0.320561
-0.978157
-0.860516
-0.712896
1.907529
1.997048
0.606956
1.846297
0.414979
0.475719
0.370128
2.099490
0.722636
-1.386132
-0.320324
-0.488758
-0.570407
-0.668302
0.510161
1.042787
-0.139649
1.050678
0.172766
0.998596
-0.507069
0.187686
1.378007
0.834357
-0.207005
0.008264
1.654180
-0.445057
0.198241
1.691269
0.852432
-0.066571
0.779484
2.197258
0.206229
-0.770574
1.342911
-0.958792
-0.489035
-1.250642
-0.502908
-1.309058
-0.373919
0.796854
-0.560828
0.570145
-0.632243
-0.158664
-1.552332
0.408318
0.818760
-1.350069
-0.488596
0.238588
-0.338105
0.158468
0.184218
2.492635
0.409199
-0.006066
-0.370124
-0.615436
0.300366
0.335739
1.249758
0.557608
0.794834
0.292269
-0.779319
-0.038616
-0.305750
1.443109
-0.225527
-0.562551
0.395211
1.118675
0.505384
-0.186466
1.379765
0.454202
0.907685
0.193579
-1.785665
0.811617
-0.245707
1.449018
-0.316529
0.679368
-0.353425
-1.818452
-1.038439
-0.928736
2.094731
-0.005649
0.411825
-0.810499
-1.332047
-0.969140
-0.105375
1.134587
-0.336710
0.361691
0.508956
-0.193493
0.667828
0.913902
2.407607
-1.288624
-0.602799
0.106898
0.216739
0.066890
0.047625
-1.700395
-1.405136
-0.526547
0.011795
-0.161946
0.357977
0.839297
-0.703401
-0.519766
0.394864
1.860489
1.057290
0.066550
0.733748
0.020338
-1.397957
0.760494
2.098812
2.577455
0.557560
-0.039436
0.111161
-1.898066
0.211959
0.947936
1.199613
0.581958
-0.503264
-0.332275
-1.338672
-1.343172
0.595322
0.892869
-0.201485
-2.203289
1.152404
-0.209684
0.279020
1.182287
0.239157
0.401123
0.361648
-4.723416
1.677867
-1.472206
-2.529719
-2.269174
-1.392646
-0.593050
-0.220097
2.519378
1.337939
0.050365
0.969798
0.434884
2.183923
-2.836120
2.395895
0.929198
-0.292074
0.370568
-0.491975
2.345265
-1.720829
3.200300
1.625835
-1.120101
-1.569309
-0.071851
0.988804
-1.577808
3.612708
2.354045
1.628858
0.749197
0.227280
-0.137928
-1.686096
3.415200
2.393409
1.823231
0.857191
-0.259424
-0.516944
-1.109534
2.802953
1.758025
2.143243
2.538028
1.514629
3.882903
-0.406216
-0.470677
-0.289506
0.157038
0.294584
-0.192282
0.305799
-0.203254
-0.826449
-0.453474
-0.135785
-0.792172
-0.345112
-0.486457
0.005895
-0.213245
0.329006
0.120238
-0.062168
0.349418
0.072152
0.052826
-0.050813
0.225596
1.141867
0.292074
0.691386
0.099921
-0.116683
-0.561338
-0.796597
0.945188
0.711581
0.498257
-0.350217
-0.131664
0.263837
-0.067900
0.235357
-0.267309
0.277069
-0.108779
0.269798
0.966350
0.568173
0.650942
0.732919
0.313920
1.110332
1.151878
-0.726752
-0.427517
-0.475709
-0.197880
-0.996964
-0.083609
-2.074369
-1.441787
-0.791154
-0.276764
-0.144102
-1.229236
-0.749465
-1.329489
-0.875682
-0.460122
-2.003273
-0.294894
-1.801135
0.068995
-1.510813
-0.256432
0.536872
-1.447798
-0.555255
-1.438605
-0.309042
-1.552076
-0.441853
-0.829729
-0.798165
-0.088309
-1.283796
-0.312720
-2.117956
-1.436337
-0.720232
-0.521357
-0.095099
-1.235578
-0.751354
-0.643488
-0.487537
-0.103048
0.863449
1.046957
0.456947
0.455642
0.426324
0.484702
1.258546
1.407738
1.185342
1.525261
2.345035
0.502645
0.004704
0.085326
0.073191
-0.446354
0.902102
2.052999
0.894556
-1.037403
-0.349527
0.218662
-0.371577
1.436859
0.797853
0.863876
-1.437220
0.299549
-0.099258
0.901109
-0.004061
1.269159
1.377572
-1.290076
0.377005
0.367760
0.804609
1.062376
2.262458
1.320051
-0.832619
-0.479678
0.583931
-0.559008
0.896420
1.946920
2.477695
1.077064
0.662039
-0.092225
0.371779
0.974483
2.641896
-0.598365
-0.272305
-0.972895
-1.074652
-0.946886
-1.065977
-1.082647
0.086829
0.025041
0.458935
-0.643011
-1.196486
-0.788460
-0.360283
-0.751724
0.425951
0.044317
-0.432561
-0.393288
-1.227726
-1.013808
-0.549321
0.471082
-0.492070
0.255106
0.081722
0.100722
-0.952368
-0.554161
0.543778
-0.508603
-0.078794
-0.725908
-0.680014
-0.466216
-1.106982
-0.307551
-1.311262
-2.994289
-2.376456
-1.610976
-0.875355
-1.353578
-0.509241
-0.849689
-0.353954
-0.023231
-1.106713
-3.339359
4.746862
2.111847
3.318940
2.052198
2.051970
2.312726
2.890106
1.956587
1.312959
1.593244
1.764592
2.136243
0.608774
0.763516
2.882359
0.143891
0.647633
0.791435
1.736290
2.564212
0.558554
3.009983
1.144053
2.425513
1.180961
1.688442
3.180427
-0.139086
2.987662
0.037859
1.551895
2.096025
3.202268
1.293590
-0.507209
3.664844
1.659652
0.649524
2.116080
2.439097
0.214839
1.161835
3.593169
1.995813
1.747238
-0.850192
-2.118949
-0.260528
0.390367
5.371582
2.287230
1.114834
0.006144
0.028354
0.290653
1.748690
0.847572
1.128313
0.098306
-1.312541
-2.882239
-0.979753
0.541684
-0.030947
-0.021984
-1.987762
-1.473094
-0.917193
-1.971130
1.042782
-0.602285
-0.667580
-2.864229
0.146572
-0.050034
-0.927840
1.016916
-0.416564
0.327565
-1.732476
-2.017380
-0.957795
-0.697527
1.110493
-0.276291
0.268986
1.144867
-0.672997
-0.075659
2.181577
0.581364
0.405685
-0.694475
1.244348
2.038195
0.805403
1.525295
-0.326673
2.670188
0.336458
0.704027
0.326327
-0.049216
0.737586
2.323930
0.210301
-0.610421
-0.033376
-0.467505
-1.022943
-0.216649
0.430748
1.052083
-0.048946
2.511902
0.159989
-1.516213
0.964741
0.608848
0.898541
-0.177671
1.297300
-0.292729
-1.041961
-0.144436
0.067173
1.014254
-0.572152
0.492577
1.111270
0.161382
0.066004
-0.658879
1.275095
-0.443305
-0.136575
1.334510
-0.662164
0.870924
0.024013
2.137594
0.567787
0.500205
-0.061939
-0.214271
0.669143
1.331621
-11.932483
-3.626355
-5.558572
-5.805305
-4.898870
-5.119854
-14.600439
-4.436405
1.220175
4.301405
3.629889
1.913949
5.647458
-4.913580
-7.628438
2.836963
1.305020
-1.059670
-1.008423
-2.429852
-3.702596
-5.888233
2.570437
-1.827391
-1.055026
-0.212266
-1.564002
-5.525577
-6.386497
2.859597
-0.647253
-2.561441
-0.460647
-2.114372
-3.691894
-5.802067
0.013196
4.433611
0.084841
-0.535246
2.641193
-4.598196
-12.959282
-5.861449
-6.321317
-1.419525
-0.289412
-2.571462
-18.184357
2.411775
3.680380
1.969608
0.727719
0.914684
2.177567
3.742088
1.059598
0.997390
0.098982
-0.692179
0.237272
-1.196832
0.019428
0.410384
1.105868
1.024590
0.801282
-0.349271
-1.448592
-1.135799
0.497096
0.477293
0.418984
0.018250
-1.248878
-1.273613
-1.182733
0.103343
0.711567
1.871251
2.300241
0.404887
-0.605166
-2.192141
1.317219
0.951717
1.260982
3.141337
2.463395
0.896885
-1.142538
1.673479
0.775538
-0.213558
0.722852
1.020045
0.228367
2.272979
-0.061514
-1.141385
0.957933
1.032114
1.528014
0.906515
0.221447
-1.913971
-1.422272
-0.210215
-0.913182
-0.175999
-1.821462
-1.294909
1.165003
1.176371
0.809865
-0.811160
0.111165
-1.898222
-0.772920
1.340140
1.601587
1.826843
1.186602
1.517264
-0.221466
-0.688808
0.858811
0.912703
0.539909
0.524137
2.008196
-0.292636
-0.931627
0.262839
-0.626037
0.841177
0.294120
0.697445
-0.851329
-0.220708
0.006612
-0.895349
-0.768207
-1.583104
-1.537445
-0.807196
-0.755011
-0.266487
0.043210
-0.180708
-0.504333
-0.492274
-0.514151
0.191477
-1.444284
-1.391928
-1.541204
-0.681892
-0.428393
-1.104334
0.254832
-1.182145
-0.591735
0.697367
0.346233
-0.155904
0.144561
-0.166123
-1.844031
-0.965402
1.284025
0.244371
1.061695
-1.028595
0.069040
-1.345996
-1.041746
0.109520
-1.312047
-0.422127
-1.230245
0.810751
-1.547133
-0.667100
-0.025749
-0.233510
-0.894065
-0.404111
0.450073
1.295450
1.464770
1.416599
1.771872
2.239396
1.267596
1.597521
0.572142
-2.290367
-0.923196
-0.185004
0.047493
-0.356380
-1.087322
-1.157764
-3.159419
-1.554098
-1.409567
-1.648943
-0.435029
-1.247604
-0.496870
-1.614898
-0.326433
-1.183039
-1.301300
-0.917748
-0.723489
-0.752472
-1.705626
-3.095809
0.519746
1.202049
-1.165297
-1.128246
-0.926942
-1.867321
-2.553668
0.102056
0.476372
-1.212058
-0.839862
-0.320402
-1.879519
-1.464109
-2.151020
-2.981081
-2.101737
-1.478015
-1.391533
-3.287835
-1.962155
-1.449853
-1.369134
-2.412276
-1.760412
0.609351
-0.936232
0.206786
-2.037865
-2.209578
-1.059927
1.586692
-0.359106
-0.876927
-1.049999
-1.513869
-0.187388
-1.582253
0.254443
2.208956
0.358610
1.925731
1.874362
1.230687
1.436168
0.153533
1.818819
1.451123
1.792171
1.125787
1.626837
0.420764
0.211362
1.756674
0.722533
0.790856
-0.315309
-0.567443
-0.344230
0.544793
2.424052
1.760430
2.127200
0.097699
-0.403507
-0.238684
1.391961
1.138140
0.512344
1.035621
-2.372253
-1.778224
-0.736693
1.167673
1.517786
1.372041
1.911695
1.596143
0.601880
1.803087
2.632786
2.901151
2.179461
1.928656
1.308402
0.059370
1.453563
1.772377
1.969113
0.709492
1.623166
0.199558
0.364541
2.175021
0.881684
1.116900
-1.700852
0.504511
-1.177841
-0.432030
2.577588
-0.167580
1.213307
-1.566625
1.222581
-2.497826
-0.670012
1.819873
-1.096212
1.137934
-0.093804
-0.986927
-0.131005
1.425857
-0.003403
-1.024679
3.197116
1.745873
0.501332
-1.095279
-0.070378
-0.370731
2.356813
-0.979076
-2.038414
-1.552701
-1.676975
-1.918392
-1.658085
-1.494889
-1.061363
-0.775708
0.518600
0.548687
1.068196
0.654084
0.052745
-0.796532
-0.694458
-0.646345
-1.773917
-1.823148
-1.980561
-1.029884
-0.218885
-0.786854
-2.063391
-2.610522
-1.829962
-1.809576
-0.475175
-0.358938
-0.634919
-0.875561
-1.773415
-1.671557
-1.212672
0.054547
-0.663661
0.213750
1.140339
0.816994
0.205676
0.790339
0.160446
-0.856505
-0.081680
-0.641974
-0.224759
-0.123099
-0.261095
-1.552368
-0.114449
0.217535
-0.493824
-0.352686
-0.101598
-0.844712
-0.621607
0.963870
0.423125
-0.311959
0.270433
0.129231
-0.222970
0.186773
0.831690
0.575984
-0.020808
0.040723
0.222263
0.106579
0.539313
0.421744
-0.606327
-0.737570
0.880226
1.422442
0.552184
0.190049
0.265828
-2.059191
-2.353150
-0.789617
0.860696
-1.157628
-0.748043
-0.278670
-2.662562
-2.158234
-1.284431
-1.013973
-1.394366
-1.416110
0.152491
-0.577623
-1.256071
-0.347113
-0.869113
-1.050750
0.196041
0.543570
1.692199
1.527378
1.214196
1.100154
1.525843
0.617866
0.683543
2.033325
1.683789
0.932820
0.250056
1.905689
1.519067
1.253729
1.622727
1.089772
1.350274
0.910105
2.163233
2.011332
0.960914
0.587998
1.675956
0.119989
-0.552081
1.602917
1.027476
0.746093
-0.065113
1.231750
-0.136676
0.202057
0.854032
0.159044
0.735706
1.078563
1.433640
2.917127
2.968470
1.283831
0.872309
1.576276
1.578524
1.271614
0.812138
0.846839
0.826211
1.767774
-0.004341
0.007972
0.453997
0.402361
0.158993
0.504025
0.244634
-0.708463
-0.749464
-0.224720
-0.333229
-0.327123
-0.079440
-0.728508
-0.019519
-0.614840
-1.017808
-0.064861
0.067188
-0.403218
-2.217740
0.462107
-0.136185
-0.558560
-1.646007
-1.693861
-1.098968
-1.538129
0.279538
0.085009
0.858576
0.257626
0.333062
0.418448
-0.965892
0.333281
-0.783262
-0.076505
0.822705
0.967925
0.125180
-0.821472
0.369252
-0.463102
-0.527692
-0.948267
-0.611276
-0.758687
-0.403850
3.480289
0.269839
0.404181
0.582791
0.850709
0.909627
0.412519
0.066433
-0.433539
-0.054755
-0.351504
-0.241576
-0.113494
-1.620495
0.494376
-0.081715
0.316532
1.053258
1.267007
0.646413
-2.055089
0.477945
0.135609
-0.814440
1.385492
0.882521
0.353784
-2.703927
0.352954
0.649376
1.178516
2.269727
2.250932
1.117812
-2.338442
0.347649
-0.160342
-0.043815
-0.879255
-0.513798
-0.845173
-2.171967
0.752820
-1.405006
-1.309402
-1.210213
-1.037048
-1.590797
-2.895517
1.221649
0.149997
1.464936
1.452436
1.637999
1.076728
1.508593
0.005987
-1.114986
0.237332
1.320295
1.168144
0.488307
-2.310567
0.598059
-1.820086
1.640308
0.737981
0.510447
2.523548
-0.892761
0.484428
-1.475548
2.215293
-0.583134
-0.689086
1.299060
-1.608957
0.597106
-2.083584
2.092638
0.569426
0.685884
1.505668
-1.716550
0.971016
-0.967463
-0.040154
2.532849
2.218879
1.737434
-1.189084
2.170454
-0.672726
-1.112448
-1.958680
-2.618201
-1.708476
1.133290
-2.365770
-0.846086
-0.871178
-2.044781
-2.774077
-2.485482
-0.678231
-1.181006
-0.097444
-1.844576
-2.922799
-2.115570
-4.113315
-1.860407
-0.531011
0.220286
-0.015500
1.131120
1.831161
-0.756384
-2.146395
-0.731724
0.678420
1.152908
0.755916
-0.183455
1.154068
-2.152411
-0.956498
0.873351
-0.389588
-0.891708
-1.313052
-0.321167
-2.121527
-1.295247
0.572568
-1.600795
-2.904585
-2.132502
-1.578330
-0.960288
0.206203
0.492765
-0.523050
-3.089030
-3.893456
-0.992917
1.848824
-1.586648
-0.130180
-1.210976
0.290929
0.559382
-1.035461
0.138180
-0.066854
-0.946018
-1.625301
0.797295
1.094937
-0.560453
-0.102937
-1.207947
-2.345317
-1.542089
-1.165252
-1.667429
-1.595467
-1.464954
-0.961453
-1.562900
-4.459927
-3.584329
-0.661623
-3.234617
-0.724339
-1.199124
-0.485642
-3.510092
-4.602150
-3.434645
-2.758327
0.234336
-1.905526
-0.102941
-0.089506
-2.695924
-2.218509
-2.938439
0.648136
1.551037
2.311935
2.835438
3.018668
2.234255
2.392031
3.281153
-0.817741
1.319044
1.465209
3.002562
3.646471
2.680954
-0.510976
1.298598
3.450169
2.557386
2.873491
2.221740
3.389987
0.654204
1.523867
3.087059
0.525258
0.258909
0.860636
0.796001
2.249774
2.262495
3.213850
0.896917
-0.656502
0.197785
0.508588
1.424803
2.492534
3.606864
1.781365
-0.164368
0.559266
0.596397
1.491850
1.604179
3.075265
0.386201
0.449257
1.594957
0.873455
0.367247
0.410789
2.333353
1.543190
-0.110400
0.793255
0.519339
-0.330974
-3.137818
-3.434824
-3.228924
-3.868609
-3.579028
-3.727151
-2.478778
-4.271033
-3.573848
-2.381900
-2.127800
-2.301651
-1.759643
-3.633525
-5.012571
-4.730412
-0.942432
-2.437217
-4.878714
-1.467329
-3.957856
-5.014169
-5.677130
-1.850887
-4.080181
-6.267632
-2.841280
-4.494688
-4.903804
-3.956917
0.204929
-2.277872
-4.378082
-1.827593
-3.846917
-4.476325
-2.473798
-0.834839
0.327210
-1.065434
1.084677
-2.328221
-3.027321
-3.226232
-2.302109
-2.007719
-2.320580
-1.317377
-3.331144
3.575052
-0.728151
0.857009
0.315341
-0.280223
0.608005
3.863399
1.262904
0.304394
0.489345
1.165599
1.442050
-0.268353
2.594246
2.749530
0.240666
1.160344
1.149505
1.461633
2.631341
2.362027
2.928138
-0.511349
2.121869
2.532269
2.672693
2.783480
3.371477
2.670446
-0.762602
1.707737
1.929175
1.376623
1.550496
2.358863
2.582102
-0.262999
0.946076
1.977154
1.405131
1.958830
2.828783
3.522845
2.303486
2.690524
3.027067
2.601714
3.128433
3.679734
3.402706
-1.017226
0.142170
-0.302677
-0.737531
0.914332
-0.210175
-2.167640
-4.325305
-4.119005
-3.369314
-3.088994
-4.569674
-5.628977
0.110955
-3.090816
-0.714147
0.286806
0.148222
-0.870925
-6.009218
-0.252808
-3.305285
-0.669865
-0.187459
-0.987524
-1.840991
-5.959612
-0.437822
-4.300955
-1.399927
0.801167
0.045713
-1.624033
-5.639805
1.327603
-1.887573
-1.461687
0.005934
-0.548592
-1.509962
-4.771122
-3.297627
-5.961086
-6.819981
-6.983271
-5.607313
-6.236971
-8.058135
-1.022798
-1.211293
-0.703394
-0.490292
-0.488023
-0.388976
-0.422694
-1.891385
-1.072804
-0.807553
-2.046231
-2.299427
-0.463714
-0.012119
-1.421443
-0.143891
-0.522384
-0.883372
-0.323044
-1.003254
-0.168185
-1.258604
-0.998843
-1.384461
-0.575715
-0.227712
-0.719815
-0.803357
-0.886287
-0.586581
-1.116884
-0.569669
0.366203
-0.213319
-0.076186
-0.343496
0.183124
-0.193033
-2.334159
-1.252343
-0.163864
0.775565
-1.086417
0.483012
0.508735
-0.538576
0.614303
-0.329336
-0.232962
1.188212
-0.024858
-0.073892
-0.840663
-0.520253
-0.180085
-0.384850
0.324541
-0.277870
-0.413124
-0.446250
0.366125
0.592009
-0.695731
0.717987
-0.344686
-0.286831
-0.999684
1.335518
1.082377
2.585265
1.174510
0.767369
0.975842
0.434160
1.868107
1.969413
3.299889
1.685956
0.984924
0.192800
2.193923
2.555180
3.135335
3.286441
2.122891
1.670695
1.605974
3.749367
4.839086
3.497921
1.341712
1.545968
0.798312
2.318280
3.110169
3.830637
2.249694
0.832280
1.697852
0.725499
1.341705
0.477865
-0.169073
0.537780
2.380669
1.326534
0.196956
-0.586780
-0.495838
-0.144035
-1.309493
-0.483891
1.386518
-0.669930
-0.753964
-0.108294
0.181445
-0.237072
-1.379037
1.221006
-0.906675
-0.846653
0.421541
1.237124
0.063198
-0.595045
1.047361
-1.439780
-1.443260
-0.668556
-0.244872
-0.180349
-0.738553
1.475876
-0.400134
-1.424041
-0.279657
0.346390
-0.114146
0.256593
2.600173
1.649463
1.076768
0.567462
0.754448
1.541324
2.523544
-3.710033
-1.964831
-2.934553
-3.561859
-3.187356
-2.973506
-3.807992
-2.255053
-0.628999
-0.220657
0.599254
0.605155
0.843755
-2.371134
-2.309736
-1.363644
-0.904695
-1.981319
-1.588093
-0.407462
-2.050935
-1.720419
-0.903025
-0.972551
-2.318240
-0.969057
-1.119439
-2.306073
-1.835342
-0.641016
-1.125180
-3.556705
-3.196304
-1.961957
-2.128418
-1.679149
-0.359803
-0.586909
-2.000616
-2.514634
-0.618651
-2.241703
-3.750523
-2.224104
-1.952113
-1.428221
-1.407649
-1.263519
-3.283262
3.419386
1.124315
2.475779
1.799705
1.374183
1.900827
2.597628
0.676111
-0.219636
-0.551173
-0.497144
-0.234732
-0.742005
-0.267734
2.070692
-0.163758
-0.438015
1.735019
2.473545
1.443254
2.034269
2.106917
1.083414
0.998517
2.842179
3.485943
1.884449
2.336264
2.478323
-0.323250
0.705269
1.051813
3.124493
1.481494
1.056946
1.438149
-1.241861
-1.242479
0.838363
2.018331
-0.145303
0.036918
2.173480
0.809095
1.028666
-0.007984
-0.336889
0.040224
0.850624
4.702078
-0.682350
0.474013
-0.454146
-0.951129
-1.062093
1.188135
-0.517389
-2.831930
-2.827663
-1.532291
-0.720855
-2.592283
-0.916338
1.156661
-2.468790
-1.888189
0.386701
0.354841
0.039361
1.563001
1.103843
-0.157989
1.187350
0.290740
1.332710
0.682923
1.796793
1.198837
0.277115
1.435900
-1.163225
-0.409721
-0.555355
0.249608
1.199463
-0.394153
-0.209933
1.138389
1.120097
0.028121
-0.531600
2.713781
-0.484427
-0.957018
0.636783
0.337957
-0.340730
-0.168396
6.703873
-0.117156
3.528615
2.768256
2.214109
3.883155
3.519918
-1.006668
-0.257870
1.770652
0.002893
-1.124104
0.586979
-0.061026
1.337046
-0.056287
1.278003
2.748991
3.492752
3.350726
1.521319
1.106093
-0.637170
3.132509
4.636989
3.053195
5.076289
0.543219
1.044908
-1.889237
1.012298
3.696066
3.631060
4.430475
-0.477078
1.810152
-1.471155
1.347125
2.746699
2.063269
2.819659
-0.717922
2.333211
-0.878222
-0.891317
0.401233
0.581675
0.324617
-3.292414
-1.692980
0.223147
-0.924640
-0.698179
-0.110583
-0.988870
0.864152
-0.128223
3.487110
2.750192
1.914841
0.446723
2.096731
3.399844
-1.023515
2.161707
0.909014
-2.969624
-4.544600
-1.634972
4.381686
-0.682478
1.785691
0.191464
-2.422676
-3.780778
-0.944081
4.842844
-0.875339
2.199790
1.548481
0.191015
-2.724435
0.599819
5.296157
-1.101073
1.580791
1.118627
0.915521
-1.530731
2.690749
3.721740
0.484391
1.863844
1.224115
3.182037
4.107885
2.452679
4.020280
0.281073
1.019007
1.231185
0.841162
0.638965
0.945682
0.258542
0.835018
1.078052
0.737089
0.580965
-0.252626
-0.103113
0.501989
1.648012
1.428228
1.115879
0.988711
1.578795
0.819157
0.128871
1.400164
1.099810
0.508760
2.185567
1.883425
1.795037
0.335142
1.552587
1.205867
0.336858
1.481220
1.371314
0.791605
0.139274
1.446916
2.791713
1.573486
1.361864
0.940545
1.078146
0.888373
0.208340
1.498808
1.626678
1.984942
1.422932
1.601328
0.484500
-2.403511
-2.039245
-2.331276
-1.886308
-1.830358
-1.974631
-1.327269
-2.301180
-2.270208
-2.261002
-0.958658
-0.091792
-0.773875
-0.273904
-2.231554
-1.029696
-1.602153
-1.986688
-0.662735
-1.556398
-0.489580
-2.048667
-0.660261
-1.706089
-1.462948
-1.064333
-2.286343
-1.441969
-1.667701
-0.038292
-1.531788
-1.053891
-0.823870
-2.064126
-0.639647
-1.957695
0.080682
-0.426758
-0.575740
-0.639150
-1.696498
-0.457120
-0.698041
-0.938275
-0.313407
-0.380347
-0.807291
-0.320957
1.622064
-0.371452
-0.583684
0.013666
0.641417
0.954903
-0.041194
0.029881
-0.440935
0.222479
1.083914
1.102009
1.037781
0.464616
0.679705
-0.862586
0.330750
0.788836
-0.192663
0.052644
-0.421585
1.169900
-0.902525
0.634601
0.313330
-1.166629
-0.509471
-1.034376
0.814745
-1.178216
0.341557
0.432235
-0.432221
-0.571746
-0.340906
1.292429
-0.863599
0.419100
1.084378
0.549536
1.146832
0.991969
1.725785
0.534159
1.141264
1.043570
0.552166
1.214958
0.956989
0.383024
0.671093
3.108479
1.633911
1.993330
1.738365
2.314825
1.616996
1.917379
0.813298
0.013576
-0.523422
0.189214
0.119657
0.921732
0.469699
0.217858
0.227397
0.965707
0.919647
1.219391
1.154544
0.856710
0.615262
1.410800
-0.088946
0.124115
0.275780
1.631987
1.051517
1.591176
2.949865
1.138668
0.170217
2.600422
1.609401
-0.086561
1.299591
0.699714
0.462470
-0.397401
1.153998
1.097085
-0.500187
0.311574
1.437441
-0.181690
-1.397376
0.700753
0.681977
1.531584
0.493053
-0.392818
-1.063908
-1.124764
-0.523342
1.042192
0.806556
0.102658
-0.778777
-0.239743
1.059180
1.040808
0.638989
0.727343
0.048389
0.502395
0.682120
1.785955
1.803630
0.622122
0.646840
-0.231948
1.709542
-0.554891
-0.137015
0.243829
0.826674
0.685863
-0.434164
1.358903
0.138022
-0.021068
0.889987
0.757312
1.062194
-0.225944
-0.479858
-0.608200
-0.348215
-0.125080
0.974376
0.982827
0.878945
0.867004
0.505188
0.855753
0.980944
1.664626
1.820163
0.469693
1.080024
0.595318
0.622527
0.333981
2.399884
0.986908
0.351204
0.712335
-0.287940
0.224358
-0.247804
1.774087
1.772242
0.864756
0.772931
0.431562
1.310607
0.612829
2.373498
1.676635
0.251374
0.460118
0.182525
-0.049956
1.122756
1.788480
1.701673
0.924726
1.306427
0.349018
0.874584
1.409391
2.447194
1.822579
1.007421
1.478056
0.864714
1.114689
0.724056
2.884782
2.767959
2.351674
2.448911
2.250829
2.371698
1.949616
3.205764
-0.396282
0.366704
0.553975
0.313232
0.540843
0.659245
0.227903
0.305137
1.062124
1.084649
1.670030
2.634291
1.428938
0.967949
0.732255
1.448404
1.181931
1.581371
1.373188
2.331124
0.403277
0.928534
1.399657
1.868396
0.694739
0.358868
1.854854
1.413733
0.986817
1.198189
1.350746
1.894642
2.072844
2.190547
0.626060
0.924011
1.259494
1.501983
1.365822
0.974021
1.397349
0.752973
-0.393072
0.417399
0.243213
0.077575
0.461187
0.684872
-0.793858
4.822260
0.630068
1.172415
0.697452
0.263318
1.241896
2.985567
1.605027
0.574501
-0.121101
-0.225821
-1.246960
-0.858029
-0.239401
3.148162
0.804437
0.834677
1.220153
-0.224626
1.848195
-1.432339
2.727083
-0.370390
-0.375358
-0.401249
-2.027864
0.955504
-0.893764
2.618141
0.176980
0.427740
-0.028971
-2.256408
0.800901
-0.604403
3.478442
2.329229
0.937025
1.651091
1.587040
0.799105
1.204818
1.380520
0.763341
-1.345948
-3.119104
-2.532766
-1.910828
-1.496649
-0.815695
-3.430468
-1.524862
-1.224925
-1.058575
-2.412498
-4.014336
-4.199449
-5.523434
-3.055103
1.413033
2.865504
-0.603312
-5.421268
-5.208385
-6.673383
-1.853862
-0.516028
0.770260
-1.970851
-6.113781
-5.670155
-6.279496
-4.610352
-8.734447
-9.187347
-7.053544
-8.394680
-5.732029
-7.227685
-2.503679
-1.840115
-3.147581
-3.356953
-6.491705
-4.621927
-8.912088
-1.297940
4.176858
1.856857
1.161611
-6.244922
-0.428041
-3.111003
-2.322910
3.327629
3.901345
0.846024
-6.855014
-2.162084
0.011219
0.103815
0.422870
0.487919
0.168340
0.336694
0.577556
0.417504
0.851799
0.535039
0.336326
1.145781
0.888569
0.607582
0.276410
0.625719
0.933204
1.018620
2.056413
0.843105
0.420274
0.070082
1.329636
0.466852
-0.245222
1.318813
1.070917
0.350278
-0.360432
0.639695
0.652213
0.140149
1.179292
0.642405
0.085205
-0.216351
0.444078
0.179763
0.359276
0.446805
0.334009
0.590745
1.777404
1.183809
0.558370
0.356193
0.947159
3.590665
0.232907
-0.129565
-0.615340
-0.007200
-0.275890
-0.536348
-0.135345
-1.030319
0.137584
-1.084038
-1.210026
-2.153727
-1.000705
-2.012680
-1.679255
-0.624924
-2.119077
-0.987599
-1.842092
-1.786370
-2.387041
-1.888952
0.824441
-0.576980
0.644134
0.380062
-1.151894
-2.371782
-2.127134
0.816956
-1.993592
-2.131238
-2.209229
-3.254221
-3.245255
-2.832307
-1.474499
-2.781033
-3.789545
-3.121902
-4.190347
-3.451262
-0.409545
-0.650202
-1.527450
-3.853284
-3.289076
-3.129376
-1.067631
-0.265273
-0.905024
-2.933498
-3.587862
-3.313151
-2.321180
-2.597989
-3.843402
2.879310
1.139310
3.270132
1.063372
2.529539
-2.324703
-4.707372
2.062090
0.519229
1.285383
0.622517
0.880637
-1.089900
-5.108668
1.327652
-0.565211
-1.196976
1.607046
-0.890615
-0.752331
-4.626262
2.057441
0.278625
-1.593776
-1.778548
-1.644617
-1.467335
-2.926873
4.293629
3.095328
0.491804
-1.095752
2.860244
-0.725550
-1.194256
0.309121
2.551997
4.415231
1.091618
2.515722
-0.073683
-0.833410
-0.382392
-0.549882
-0.439351
-0.964262
-0.984475
-1.032297
0.935464
1.531940
-0.603072
-0.552151
-0.872557
-1.027256
1.779358
0.780688
2.028708
-1.248637
-0.365731
0.649363
-0.645061
2.254908
0.603681
0.011643
0.384096
0.634515
0.515651
-0.315700
0.094202
0.710247
-0.516062
-0.043939
0.385177
0.238648
-1.408454
-1.345631
-0.662575
-1.319349
-5.436339
-2.574358
-0.350186
-4.389159
-1.599160
0.265080
0.942034
-1.658210
-3.977951
-3.644117
-2.107592
1.538382
2.451657
0.255759
1.654171
1.768859
1.739307
1.403794
2.548935
-0.271798
0.050524
0.305340
0.234760
0.879495
-0.421816
1.061604
1.528919
0.244988
0.576676
2.882328
2.184864
1.790692
0.535710
1.295885
-0.711218
1.326744
2.001517
1.708520
1.969317
0.271495
1.302737
-0.302818
1.123154
2.313818
2.255692
2.040824
0.816127
1.593063
0.428527
-0.772123
0.324904
1.793007
-0.117969
1.288043
2.447590
0.989890
0.462567
-1.481612
-1.788304
-0.145486
1.553283
-9.221972
-3.758508
-5.294638
-4.171071
-3.635169
-4.090315
-7.727987
-4.907252
-1.378085
-0.469526
-0.630819
-2.266823
-0.409936
-2.543000
-7.257842
-1.108900
-2.008905
-1.500534
-1.039689
-3.742492
-3.871976
-6.652266
-0.196922
-2.099655
1.188913
-0.341816
-2.097472
-5.005041
-7.156712
-0.839541
-3.589304
-0.806937
-1.763607
-3.406600
-4.224778
-6.415819
-1.665209
-0.430928
-2.552477
-2.099320
-2.588028
-3.761436
-8.108016
-4.834065
-3.946958
-2.936467
-3.266294
-2.987369
-7.376652
-0.015871
-1.460136
0.179998
2.137208
2.839630
1.500649
-1.264623
-0.130958
-0.362155
0.802597
1.764662
0.787843
1.962386
1.409081
0.239823
0.893702
1.096591
0.756904
0.799871
0.426227
0.349218
0.130430
0.031662
-2.010767
-0.297095
0.969728
-1.075243
-1.288707
0.132870
-0.845449
-2.223755
-2.029993
-0.456248
-0.690526
-0.310688
-1.233433
-1.739217
-0.793860
-1.619056
-2.065311
0.147920
-0.113383
-0.985206
-1.903688
-1.402393
-1.501605
-1.142628
-0.461336
-1.397095
-6.265926
0.404263
-1.489235
-2.012835
-1.698170
-2.043336
-2.559166
0.659070
0.469561
-1.284449
0.551468
1.726641
-0.393079
0.227151
-2.142856
-1.934407
-2.580912
-1.668739
-1.173218
-1.226301
-0.305052
-1.706475
-0.900172
-1.339372
-1.688810
-0.115954
-2.246992
0.750405
-1.628050
-1.714989
-0.808283
-2.331510
-2.179856
-1.744158
0.499660
-0.654411
-0.836474
-1.667573
-0.966992
-1.153905
-2.742696
-0.473203
-1.702342
1.445164
0.192395
-0.516144
-0.598583
-0.674740
1.685440
0.388602
2.496567
1.428898
2.157805
2.163185
1.935773
2.248433
0.956420
1.645542
1.557758
1.032570
0.666848
1.432524
1.875746
0.995740
1.581216
1.356932
0.063551
-0.317719
0.479107
1.062077
0.924143
1.019719
1.458240
-0.263707
-0.642195
0.487833
1.169456
0.925801
1.837221
2.021932
0.938438
-0.245038
0.741432
1.107961
0.221261
1.699508
1.565338
1.271818
1.203038
1.779216
1.208574
0.434897
1.775477
2.119606
2.102283
1.939824
1.867042
1.801952
-0.717128
-1.770067
-0.749461
-0.787384
-1.222494
-1.519464
-0.592694
0.605395
-0.008975
0.786519
1.287235
0.753289
0.028825
0.225833
0.823118
1.396128
3.337189
2.352670
-0.137895
0.358202
1.818762
0.243264
0.788971
1.822592
2.969485
1.214533
0.673605
1.093652
-0.230256
0.084678
1.518905
1.368556
-0.354787
-0.811465
1.488965
0.129963
-0.175411
0.283639
0.021264
-0.561292
-0.568893
2.016607
0.218480
0.891942
0.641145
0.904337
0.488783
1.474457
1.138771
-1.407984
-0.087285
0.019836
-0.028540
0.224617
0.199202
-0.930543
0.121474
0.527300
0.923816
0.721107
0.186583
2.004653
0.550059
0.126174
0.163701
1.214339
0.504846
-0.571128
0.843633
0.155230
0.215074
-0.216073
0.018484
0.183546
-1.006295
0.547570
-0.415285
0.408262
0.457067
0.787507
0.201406
-0.814226
1.126086
0.216871
0.348801
0.525095
0.780261
1.047846
1.152395
1.290771
0.855631
-0.301916
0.836350
0.315737
0.122617
0.668239
0.726917
0.563011
-0.009954
0.596480
0.593769
0.613478
0.515375
0.310191
0.295592
0.195837
-0.479975
-0.228841
-0.062516
0.048866
-0.084746
0.115533
-0.399860
-1.228723
0.216228
0.435832
0.512242
-0.014798
-0.057117
-0.477575
-0.710782
-0.240956
0.693446
1.066687
0.152308
0.746999
-0.507740
-0.956850
-0.155410
1.625932
1.349312
0.812589
0.838145
-0.136713
-0.116307
-0.021575
0.402567
0.764285
-0.008192
0.310630
0.440742
-0.179133
-0.120517
0.350682
0.323567
0.464891
-0.363965
2.146346
0.374387
0.188220
0.075631
0.290092
0.268714
0.220326
0.604013
0.507576
0.889156
0.642402
1.203838
0.994312
0.760512
0.907712
0.353971
-0.425467
-1.176583
-1.390802
-0.605468
0.418858
0.771066
-0.094986
-1.468190
-1.226446
-1.476872
-0.654897
0.331164
0.627929
0.196707
-0.786492
-0.793003
-1.085568
-0.271043
0.323694
0.884510
0.009920
0.403178
-0.937656
-0.522206
0.573490
0.530599
0.628042
-0.157341
-0.019601
0.350828
0.380688
1.010995
0.103088
0.315993
1.949399
0.764721
0.616029
0.185426
1.501602
-0.989049
1.577961
2.468390
0.673816
0.122162
0.197559
1.285688
0.249248
1.083196
1.040564
-0.420676
-3.371403
-4.113988
-1.162863
-1.725412
0.458643
-0.293777
-0.162805
-3.182967
-4.551459
-0.845683
-1.237166
-0.213344
0.107631
-0.819280
-2.058689
-2.234647
0.130009
-0.725916
-0.277239
-0.450437
-2.100451
-2.671517
0.130903
-0.267279
-0.658678
-1.139023
0.247579
-2.118428
-4.454231
-4.471012
-2.807366
-2.835461
2.395960
1.499860
1.945822
1.563757
1.395326
1.974630
2.506842
0.918088
0.343627
-0.444535
-0.878618
-0.687479
-1.363292
-0.362328
1.557811
-0.392147
-1.117504
-0.099875
0.796504
0.383182
-1.523770
1.355757
-0.709561
-0.524143
-0.748126
0.247048
0.176548
-1.078374
1.676211
-0.237704
-0.514953
-0.824723
0.025897
0.380197
-1.295761
1.470707
0.547452
-1.700541
0.043861
0.658224
-0.629765
-0.611547
1.532543
0.812401
0.662092
-1.134499
-1.123040
-0.631783
0.639684
-0.182758
-0.988506
-0.551104
-0.517807
-0.297044
-0.757593
-0.239362
-0.930179
-0.212976
0.435452
0.720937
0.780710
0.228126
-0.646615
-0.356404
0.130151
0.654416
1.256941
1.643322
1.203043
0.257067
-0.216737
0.130956
0.156809
0.738179
0.398010
1.304504
0.333280
-0.260358
0.459857
-0.028852
1.493113
1.456088
1.277384
0.239370
-0.296758
0.179073
0.713415
0.325018
0.193070
0.746925
0.025935
-0.369753
-0.810580
-0.268010
-0.260079
-0.427628
0.209606
-1.071481
-1.022443
-0.338273
0.411804
-0.370809
0.169937
0.100244
-1.004464
0.776483
0.768658
0.743821
-0.591522
-1.213027
0.577467
-1.075582
0.888900
1.543582
0.843204
-0.492028
-0.739825
0.188967
-0.418167
0.524174
2.192110
0.668874
1.431229
1.015177
-0.511733
-0.764904
0.596084
1.689765
-0.418705
0.566209
1.421954
-0.775380
-0.117696
0.763005
0.937688
2.086813
0.103473
0.713290
1.575366
0.770932
-1.337018
-0.800086
0.185846
0.613323
0.751229
0.368608
-2.864637
0.458317
0.715099
0.648449
0.364334
0.526293
0.610603
0.399579
-0.029827
1.094706
-0.268120
0.713262
0.758730
-0.214500
0.464048
0.324089
0.777088
-1.429216
-0.960712
-0.470364
-0.916976
-0.621700
0.079511
0.564326
0.639736
0.043036
0.124489
-0.420936
-0.391266
0.342781
0.550360
-0.387064
-0.523363
0.045814
-0.805616
-1.032779
-0.050858
1.595185
-0.269999
0.428842
1.110066
0.083905
-0.483443
-0.388507
0.291369
0.040587
0.056448
0.423165
0.828391
-0.911193
-1.985680
-1.536654
-1.552874
-1.750627
-1.897898
-2.202579
-2.092227
-0.256255
0.975268
0.594771
0.352147
0.960783
1.430893
-0.180930
0.329017
1.137423
0.538354
0.584159
1.256940
1.450351
-1.120731
0.142566
0.678462
0.137245
-0.429920
-1.164752
1.301516
-1.136660
-0.146039
0.677551
0.193410
-1.375025
-2.476964
0.462941
-1.034217
-0.653834
0.860505
-0.619336
-2.142934
-2.144273
-2.032537
-0.986241
-0.279272
-0.128654
-1.066449
-3.600679
-4.159400
-2.527408
0.231603
0.103458
-0.964370
-0.579068
0.312420
0.889940
-0.132733
-0.556061
-1.208565
-0.221926
-0.049587
1.399540
1.588660
1.462850
-0.528639
-0.101190
0.727225
0.514145
3.809780
4.141613
3.566185
0.449898
0.405471
0.242417
2.902241
2.926232
1.573522
3.428186
0.617698
0.269006
-0.249436
3.171127
4.530176
3.383793
3.517187
-0.236224
0.690521
0.943530
0.489523
2.082633
1.574136
0.509630
0.626396
1.353573
0.405756
0.252731
-0.703833
-0.717639
0.777016
2.438181
-0.907812
0.030083
-0.281234
-0.168337
-0.166789
-0.325100
0.336909
-0.306031
0.227394
-0.782748
0.183179
0.806446
-0.287076
-0.246489
-0.399942
-0.408381
-1.114825
-0.439111
-0.425063
0.181406
-1.272422
-0.635897
-0.546451
-1.564202
-0.490713
0.074716
-0.133609
-0.846513
-0.550993
-0.138308
-1.025514
0.177580
0.130908
0.586314
-1.241753
-0.226196
0.353415
0.027460
0.620295
0.798422
1.033134
-0.650059
0.064707
0.517098
0.141007
0.585484
0.320178
0.317567
0.839424
-1.119404
1.885610
1.588043
1.213368
0.606404
1.209740
0.643918
1.246948
1.607726
1.457127
1.450459
1.489534
1.723780
1.144273
1.111097
1.809442
1.986961
0.957279
0.633899
2.410428
1.539607
0.951282
1.066311
0.638494
-0.169758
0.394405
1.650745
1.933710
1.094049
2.078100
2.290605
0.281227
-0.140491
1.777284
2.040926
1.130680
1.795633
1.039079
0.976551
0.802419
1.102052
0.873116
0.071116
1.246952
0.906839
1.187364
0.710500
1.102431
0.403061
-7.773081
3.732850
0.606443
1.553315
2.210110
1.228400
-0.752624
4.488047
3.775622
2.718940
4.125645
2.652423
3.978919
3.570704
0.197339
1.523582
2.744701
1.536574
1.571352
3.303576
2.545732
1.330744
1.345084
2.130817
1.947613
0.899842
3.540105
2.691070
1.397433
0.872452
-0.375564
2.447145
2.244757
2.135186
1.047646
1.941603
1.373507
-0.019597
0.773305
0.443024
1.462775
0.310866
-2.644129
2.639319
-0.003779
-0.556035
-1.664919
-0.896287
1.117896
0.377647
-0.530581
0.114001
0.072340
-0.441946
0.047703
0.627452
0.413998
-0.285763
-0.437073
-0.662067
-0.570524
-1.130744
-1.293923
0.164866
0.093902
0.882814
0.766767
0.585958
0.616805
-0.397548
0.211429
-0.369024
0.910933
-0.024107
-0.055768
0.099648
-0.620987
0.200571
0.215198
0.931582
-0.659335
-1.260564
-0.547771
-0.626202
0.489855
0.305437
-0.261424
-0.669336
-0.254985
-1.170109
-0.506712
1.424202
0.074003
0.070740
0.067472
0.644064
0.165829
0.971391
7.132753
2.077398
2.127972
1.060012
1.060377
2.738009
1.106107
1.416746
0.013975
-0.133736
-0.848283
-0.602432
-1.077698
-1.351477
1.828877
-0.662900
-0.571648
1.680190
1.204460
0.939602
-2.186602
1.351512
-0.508404
1.767887
2.366463
0.970239
2.476749
-1.311939
1.114634
-0.655180
0.043408
1.794338
1.968824
2.412634
-2.049813
0.741163
0.684118
-1.232258
0.058986
1.948506
1.010462
-2.217100
-0.326742
-1.899799
-2.327370
-2.362238
-1.847359
-1.871539
-5.127788
-0.943133
-0.010106
-0.323261
-0.901367
-0.760318
-0.710718
-0.936910
0.188450
0.484962
0.100498
0.451494
1.067435
0.313997
-0.118831
-0.045165
0.711338
0.107261
-0.737940
-0.412002
-0.194448
-0.664802
-0.567152
0.027670
-0.499983
-0.069597
0.392030
0.019958
-0.724190
-0.615929
-0.357762
-0.373963
-0.206076
0.035479
0.219712
-0.436080
-0.412679
0.693449
0.995823
1.656073
1.634534
1.547240
0.044557
-1.047020
-0.318147
-0.689706
0.013624
0.275867
0.259440
-0.538952
-0.623940
-1.508097
-0.787232
0.022023
-1.026463
-0.112911
-2.302763
-0.906357
-4.461882
-4.632280
-1.972721
-3.723661
-3.753737
-3.744542
-0.319075
-4.768771
-1.711686
1.463032
-1.169050
1.314229
-6.215312
-1.296055
-6.706331
-3.063146
-1.701567
-3.227864
-1.091247
-6.011857
-1.802321
-7.050619
-3.426030
-2.880489
-3.307600
-0.338840
-5.485255
-0.706132
-3.270176
-4.739227
-1.937325
-2.159729
-2.084061
-3.577986
-1.253513
-0.957816
-3.080281
-5.084361
-5.161027
-3.535598
-3.616480
-7.228933
1.002331
-0.949826
-0.445668
-0.235802
-1.409961
-3.840461
0.388176
1.569317
-0.524889
0.462536
1.287788
1.211033
0.106915
-2.092777
-1.865508
-1.582210
-0.687594
1.014457
1.931173
0.185595
-1.797871
-1.411417
-1.444429
0.921173
3.169751
1.038775
-0.344308
-1.734454
-2.188034
-1.078439
0.605402
3.760779
1.715535
-0.531611
-1.350904
-0.721075
-1.011384
0.756693
1.715060
0.386549
-0.539146
0.949013
3.350477
2.092068
4.603484
5.314166
3.196077
3.034137
4.701415
2.712727
1.967992
1.089673
0.889596
2.121603
3.113563
-0.617114
-1.730901
-2.952656
-4.522917
-3.886913
-5.366001
-1.315409
0.600370
-2.381249
-0.480140
-1.502609
-1.901704
-2.452530
-1.713424
0.258291
-1.195667
2.640572
2.268485
-0.160816
0.040905
-1.423444
0.011479
-1.037302
1.710549
0.807593
0.298640
-0.261467
-1.657858
0.363752
-0.645675
0.917409
0.024977
0.530656
-2.354433
-1.150049
0.241731
-1.454315
-0.275294
-1.080150
-0.438227
-1.301550
1.904190
7.934218
0.567305
4.303099
3.657659
3.712612
4.381281
2.592949
-0.271758
-3.942493
0.328499
0.606761
-1.404181
0.906215
-0.937858
2.588700
-1.931504
0.976299
1.043704
1.183500
2.434567
0.077640
1.749468
-1.902823
2.977216
1.514678
1.368343
2.468733
0.029269
1.597949
-2.987405
2.977921
-0.616367
-0.291363
1.333864
0.731209
2.365042
-2.785125
2.482915
2.439289
2.635980
2.215631
0.521688
0.491226
-1.403696
-0.276302
-1.052216
-0.136318
-0.180136
-3.280581
0.058175
3.595261
1.713517
0.356723
0.550520
0.768211
2.118870
3.975583
3.264657
1.132411
-0.728218
0.636382
-1.157593
1.395061
1.837973
1.466611
-0.679996
1.499943
3.978592
-0.259271
0.028376
1.865800
0.664653
-0.562062
-0.301927
0.128084
0.085600
-0.439821
1.671763
0.443324
-0.089489
2.111464
0.771254
0.600131
-0.341362
0.998137
0.565322
-0.935187
-0.112242
-0.686525
-0.608370
-0.154410
2.976077
1.091882
0.067229
-2.076465
-4.001816
-1.625532
5.124140
3.047715
0.075217
0.417645
-0.991631
-1.647898
-0.833599
2.615275
-0.077087
-0.140006
-0.585666
-1.736138
-1.450865
-2.410602
0.176029
1.566289
-0.485267
-0.897541
1.217582
0.787911
-0.353123
-0.541829
1.094197
-0.909595
-0.555167
0.941517
0.918331
1.704622
0.196330
1.215603
-1.069188
0.651786
1.532100
2.188603
1.134556
-0.056165
1.296129
-1.545503
-0.856729
-0.190942
0.607055
-1.031881
0.136108
2.466280
0.503640
-0.071101
-1.144340
-1.308980
0.258934
2.399464
-0.879011
-0.961929
-0.483583
0.447503
0.759449
0.089105
0.531296
0.720368
0.655296
1.436080
0.926200
0.876924
1.516304
0.615329
0.371124
1.344783
2.586583
1.536603
1.681007
1.762767
1.214136
0.758303
2.489382
2.787539
2.347608
1.549333
2.191452
1.825960
1.108563
2.021331
2.448508
3.008948
2.044805
1.985879
1.771587
0.569326
2.388862
2.647736
1.414114
1.556743
0.980839
1.554493
-0.851380
-1.192616
0.148397
-0.064149
0.276002
0.350196
0.546535
-0.082778
-0.651853
0.678699
1.690993
1.486416
1.061051
0.421771
-1.267650
-0.370122
2.022828
1.829967
1.216930
1.230146
0.385983
0.210873
1.003310
2.524512
2.104800
0.833569
2.600867
0.717039
0.090485
0.562295
1.376189
1.353934
0.958370
2.303384
-0.650252
0.088844
-0.754558
2.731010
1.491578
0.424597
2.635510
-2.339075
-0.105257
-2.212986
-0.342904
2.774087
1.683741
0.980166
-2.471739
-1.712580
-2.558599
-2.170311
-0.819626
-1.508714
-1.502589
-3.772202
-1.944438
-3.766015
-3.586519
-2.936181
-3.735198
-2.654612
-0.402935
-2.958162
-4.392579
-4.652050
-4.791300
-5.834705
-4.019042
-2.226878
-1.248813
-3.352958
-1.814642
0.781431
0.064084
0.387744
1.092007
-1.876689
-3.736287
0.154115
-0.874181
-1.929451
0.819711
0.700212
-3.018713
-5.069772
-1.175406
-3.449810
-3.736860
-0.978088
-2.366807
-3.734613
-6.727530
-8.879142
-5.016033
-3.044663
-5.374513
-3.020053
-1.333596
-4.053692
-5.561053
-10.802335
-10.858390
-6.942615
0.472136
-0.447045
0.494156
0.570193
0.640643
0.821850
0.956089
-1.389741
1.188637
0.765943
1.412926
1.236096
0.543385
1.851870
-0.074612
0.828005
0.557994
0.210440
0.828764
0.633354
1.193160
-1.422744
0.831572
-0.190963
-0.306599
0.107018
1.555390
-0.169156
-0.760594
0.727345
1.144479
1.209335
0.412364
0.493595
0.994907
-0.910468
1.480983
2.749712
1.841112
0.330999
0.375640
1.093547
-0.571711
-0.577052
0.929890
0.374424
0.227330
-0.157711
-0.168625
-1.478411
0.953374
-0.184413
0.880584
-0.420273
-0.946947
0.298271
0.836850
-2.147264
-3.254890
-2.912206
-4.011927
-4.246194
-4.369051
-3.006546
-0.133454
-2.350950
-2.349971
-1.594831
-3.051887
-1.847770
-2.899474
-0.623119
-1.612737
0.664350
0.951229
1.905612
-0.360936
-1.617420
-0.646374
-1.758891
0.347717
-0.611851
0.357605
-1.418885
-2.431268
-0.908187
-1.983150
-1.691242
-2.720762
-3.515727
-3.537918
-2.066276
-0.126354
-1.099319
-0.708945
-1.899632
-2.592822
-1.871700
0.157088
3.827828
-0.958938
0.238510
0.579338
0.443756
0.059458
0.477709
0.244185
-1.091651
0.315963
0.604594
-0.284590
1.653338
0.632336
1.387355
-1.274340
0.170675
-0.244903
-0.274556
0.739288
0.619640
1.453321
-1.940800
-0.963360
-0.242854
-0.211839
0.536962
0.567788
1.927418
-0.753685
0.108165
-0.880010
-0.818274
0.766791
1.196193
1.795353
-0.192803
0.503766
-0.510060
-1.917650
0.575182
1.077666
1.971625
-0.448253
-0.020925
-0.167184
-0.758275
-0.531749
0.643633
