-9.148127
-2.583579
-4.253644
-5.463614
-5.493248
-5.873022
-3.513325
-5.482679
5.578940
-2.962713
-3.939201
-3.408859
-6.382965
-2.332799
-3.606852
-2.876737
-7.491389
-4.840280
-3.113496
-6.335873
-4.196252
-4.679852
-0.333334
-0.575889
2.801131
1.555856
-1.745338
-0.944874
-4.609887
-1.467696
-2.812739
2.021363
0.572011
-3.606923
-1.825347
-2.275161
1.963680
-5.737884
-0.760527
0.196636
-6.208787
-3.629791
0.239454
0.669734
-1.632787
-0.314164
0.214736
-2.156506
6.160605
0.977503
0.245175
0.150745
0.384924
-0.074908
-0.150543
-0.517098
0.229584
-0.400496
0.068270
0.371961
-0.430289
-0.339451
-0.958630
0.278233
0.324877
-1.014365
0.132083
-0.057567
-1.055367
-1.615527
1.067990
0.850515
-0.015391
0.650414
-0.215536
-0.310722
-0.590417
0.738088
1.095665
-0.200746
1.272681
0.915036
-0.020357
-0.643481
-0.110649
0.169975
-0.212913
0.720834
0.005314
-0.023490
-1.043317
-0.456136
-0.575609
-0.076078
0.136959
-0.921874
-0.594597
-2.605874
0.108465
-1.127594
-1.010443
-1.407093
-1.374706
-0.374316
-0.991742
-4.653830
-0.274393
-1.304355
2.397151
3.239223
1.368129
-2.019916
-1.055300
1.312315
2.578635
4.292330
2.522223
3.172440
-0.950179
-0.032758
0.741982
1.100991
-0.698333
-1.933187
-0.475745
-1.398604
-0.390872
0.826567
0.191964
2.964525
2.758913
2.616229
0.609622
-0.848383
1.909002
0.704525
3.105725
3.169869
3.549017
0.264338
-0.757469
0.874159
-0.198323
0.488991
-0.301625
0.340264
-0.962691
-1.983187
0.304473
-0.453891
-0.706428
-1.316910
-1.051099
-0.138007
1.758451
0.595158
0.302322
0.050432
-0.433932
0.277349
-1.253162
0.188907
0.565682
0.035418
-1.099671
-2.004689
0.385798
-1.599194
0.059255
-0.006276
-0.733145
-0.902982
-0.381448
-0.322261
-1.505174
-0.054575
-0.720545
-1.206236
-1.659165
-0.686476
-0.419411
-1.281052
-0.383560
0.021913
-1.196931
0.097105
-0.009619
0.199223
-1.292906
-0.571494
-0.394722
-0.297677
-1.308049
-2.328128
-2.056809
-2.353786
-2.646177
3.415609
2.509943
0.905493
0.121250
1.287691
-0.191738
2.427340
-2.100835
-0.078269
-2.425966
-2.932120
-0.025356
1.761080
0.166704
-1.190405
0.902944
-0.707981
-0.278331
1.071291
1.707972
-0.388242
-0.762389
0.181233
-2.828074
-3.175124
-0.981401
0.580894
-0.127522
-0.927643
0.254347
-3.187631
-2.195637
-0.081874
0.506871
-0.363786
-2.514716
0.542866
-0.263336
-0.875618
2.014921
0.936913
-1.517504
0.819800
-1.694464
-0.455706
0.833860
0.641358
-4.764595
2.570880
0.834701
-0.903304
-1.275764
-2.132345
-1.303238
0.134583
0.299701
1.477387
-0.678613
-0.759543
0.734937
0.414999
-1.552208
-0.189965
-0.804516
-0.312675
-1.061983
-0.035108
0.047304
-1.674016
0.313271
-0.769031
1.405839
-0.018956
0.013075
0.344200
-0.555547
-0.893809
-1.304205
0.921717
0.741455
0.202152
0.665513
0.115749
-0.939322
-0.337924
-0.273281
0.145679
0.379215
0.976471
-0.650307
-0.453552
-0.954834
-2.610857
-1.671084
-1.020271
-2.110280
-2.782602
-0.713828
-1.219853
0.514309
0.317466
-0.065460
0.094779
0.010761
-5.814284
1.071792
0.077891
-1.832135
-0.295405
-0.830664
-0.811981
-0.237062
-0.034727
-0.819548
-1.268994
0.470516
1.389890
-0.127802
-1.190097
-0.037732
0.710908
-0.772788
0.424386
1.363709
-0.030728
-0.476513
0.122140
1.852800
-0.380091
-0.314328
1.131851
-0.777936
-0.000569
0.784885
-2.630188
-1.182329
0.703180
-0.112066
-0.521286
0.218427
1.528701
-0.581485
-1.781024
-1.777886
-0.965741
0.957722
2.292700
0.595245
0.781950
0.524908
0.644335
0.733582
1.504314
1.397854
-0.901927
-0.678599
-1.063819
0.235309
-1.385124
-0.428946
1.154685
-0.531903
0.151578
0.567404
0.040445
0.160047
-0.396001
1.151767
-0.485616
0.090084
-0.036613
0.225703
-0.445231
-0.298635
1.001682
-1.248816
-0.749889
-0.080862
0.107486
0.135633
-0.579762
0.674441
-0.535408
-1.337232
-0.841803
0.656487
-1.597042
-0.363735
0.488948
-0.420591
-0.083770
-0.323115
0.366398
-0.261671
0.627784
-3.662896
-2.189296
-0.153565
-1.106617
-1.538180
-1.550650
-1.356150
-1.538957
-1.783794
0.365895
-0.389849
-0.388557
1.397457
1.168443
-0.727479
0.955174
2.229768
0.914008
-0.680958
1.340597
1.376871
-0.147218
0.518512
0.827600
-0.647180
-2.498002
0.887803
1.390169
-0.336866
0.171967
0.220206
-0.003349
-0.865267
1.549408
1.250406
0.192090
0.596409
0.015502
-1.435034
-1.805896
1.581127
1.907069
0.585443
1.964456
0.207389
-1.334330
-1.531325
0.591200
-2.555172
0.011730
-0.163508
-1.334403
-0.509714
-0.652053
-0.998702
-1.205625
-1.436328
-0.317946
-0.632769
0.588421
1.375413
-0.768369
-0.542753
-0.310923
-0.542861
-0.671872
-0.264614
0.588807
-0.483888
0.230416
-0.431231
0.844448
1.439821
1.716572
1.826957
0.526700
0.964815
-0.599247
-0.383289
0.273832
1.064940
0.800574
-0.728566
-0.156044
-0.246124
-0.816550
-1.525986
-1.564152
-0.151572
-2.258561
-1.523292
-0.451466
-0.084965
0.521903
0.638074
0.938813
0.300623
1.464590
-2.709256
0.597498
0.554247
1.945560
1.328568
2.658812
0.054206
-2.567783
-2.243772
-0.503725
-0.453924
-2.811541
0.562474
-0.342054
-1.399784
-0.461573
-1.212719
-0.875224
-0.691652
-1.910769
-0.273740
-1.594459
0.133664
-2.198803
0.069918
-0.447487
-0.301524
0.431080
-0.829000
0.630556
-1.144788
-0.994503
-1.320749
-0.011257
-0.157144
-0.291478
-0.463064
1.444801
0.964301
0.163521
1.569938
0.214481
0.162107
0.213724
0.393475
0.514317
-0.719259
0.598300
-0.283159
-0.351691
2.532274
0.390861
0.260515
0.025246
0.238917
-0.852029
1.803481
-2.028363
-2.424179
-3.262119
-3.491316
-2.078715
-1.136093
-0.420708
-2.003354
-1.107178
-0.468712
-0.785051
1.235364
-0.724547
0.062572
-2.262297
-2.515054
-0.782439
-2.924439
-0.638758
-0.950354
-0.487687
-1.673599
-3.059146
-3.770709
-3.385941
-0.450858
-0.606369
-0.042849
-2.111398
-1.490568
-2.734950
-3.425454
-1.613343
-0.912930
0.381684
-0.248698
0.514058
-0.747823
-0.334022
-0.697793
-0.781863
-0.032241
1.364123
-1.122175
-1.407113
-2.575471
-1.682038
-1.430501
0.539081
-1.841317
-0.664473
0.260064
0.555987
-0.524072
0.007916
-0.631696
-1.009875
1.156128
1.114442
1.307866
1.654737
0.426129
-0.588563
-0.520238
1.174855
-1.088079
-1.715764
-0.584741
0.702989
-0.946282
-0.627062
0.777618
0.185975
-2.305722
0.015771
0.738083
-0.870273
-1.211249
0.390844
0.536698
-1.429963
0.905168
0.680982
-0.189438
0.109784
0.206220
-1.355342
-1.230086
-0.713790
-0.594342
4.645318
1.598745
5.685479
4.708795
5.872615
4.719299
7.441905
1.601267
0.072386
1.921671
1.608299
1.786521
1.319911
4.642793
6.884567
0.497287
2.379759
2.056953
1.166173
3.843922
4.114764
6.051877
-0.066375
1.452508
3.687613
1.393175
3.333555
0.654247
5.882897
2.106810
2.504590
5.948629
2.143196
2.521712
0.688681
6.429705
0.601430
2.566121
1.845122
0.422311
2.689891
3.483215
5.526727
1.406488
1.179173
-2.449922
-3.729762
0.826747
6.000799
13.623594
2.616163
3.810966
2.343582
1.294184
1.884707
6.683247
4.702381
1.476746
-1.279276
-1.607602
-2.618046
-2.003090
1.222301
7.088385
-1.178196
-1.115157
-1.443170
-5.516587
0.056971
-0.701826
4.024935
-2.460217
-1.344093
-2.536840
-1.891058
-1.584678
-0.720061
5.442593
-1.467829
-0.467367
-2.742266
-2.386940
-0.995919
-1.722050
3.488549
-0.371105
-2.352861
-2.058394
-2.391043
-0.759856
0.544574
4.447629
-0.471834
-1.313540
-3.604052
-5.395366
-2.630491
1.396497
8.470154
0.684026
4.150400
2.022123
1.757357
1.945135
5.937037
-1.115064
1.145066
-0.005753
0.176446
0.853483
0.136250
4.209929
2.469349
0.458355
0.110346
0.489117
0.995551
-1.207422
0.902127
0.506533
-0.084415
-1.867006
-1.455626
-0.862848
-1.343679
-0.077446
0.849522
-0.214716
-1.121172
0.254483
1.029530
-0.405958
0.308346
2.507551
-0.006819
1.860773
-1.216211
-0.303746
-0.198335
2.206867
6.250141
2.569933
2.504904
0.014565
0.193878
0.287638
2.949879
0.347401
0.501338
0.342592
1.406922
1.655664
1.530887
1.326912
0.831676
1.129434
0.173727
-0.935686
-1.255772
-0.025953
0.901044
1.436577
-1.081141
-2.170342
-0.783110
-0.260046
-0.717288
-1.414721
1.562377
-1.334389
-1.429734
0.719286
2.127470
-0.224676
-1.093885
1.742980
-0.929882
-0.241442
0.380363
0.458212
-0.155964
-0.546502
0.986503
-0.513506
-0.348778
-0.672333
-0.572854
-0.871341
-0.436205
1.297285
-0.757207
-1.030012
0.637318
0.360627
-0.886654
1.452218
-3.806705
1.772949
0.746161
-0.092292
-0.328605
1.456640
-2.209267
-2.131001
3.134381
2.739121
2.318399
2.779996
1.386560
0.790270
-1.213131
0.928166
1.895555
0.288572
-0.422296
-0.012475
0.390838
-2.218493
1.952634
4.560645
3.721801
3.308114
2.971740
1.176935
-1.925050
1.380428
1.425328
1.076528
1.736184
0.023080
-0.826673
0.158404
3.071822
2.337713
0.801644
1.515513
0.134646
-0.678207
-1.010401
2.066641
-1.155309
-1.573227
-1.979123
-0.367836
0.915106
1.140868
-0.011016
2.141853
2.946221
2.904401
2.708788
3.430788
-0.648343
-0.489070
0.482641
-0.752078
-0.678650
-0.427252
1.023022
0.149689
-0.690720
0.599390
0.476299
1.632514
-0.257828
0.631473
0.183807
-0.317580
0.147193
-0.186069
0.506339
-0.459510
0.704773
0.053888
-0.910357
-0.370488
-0.400481
0.816938
0.130339
0.692829
0.589517
-0.679352
0.596818
0.627380
0.760452
0.107818
0.100350
2.007344
0.302295
0.641747
1.808328
2.439244
0.827134
1.213264
-6.143888
-0.721068
-1.375094
-3.248616
-4.004049
-2.478223
-3.734625
-0.465616
1.463601
2.038889
1.971300
1.308576
3.528862
0.553047
-1.201962
1.061585
1.650821
0.210314
0.390191
2.230731
1.145828
-0.762845
0.329193
0.864474
-2.756437
-2.462612
-0.428516
1.784163
-0.618753
0.191042
1.922026
-1.693557
-1.816408
2.167644
2.414902
-0.017147
-0.028624
1.685574
0.332408
1.894830
2.876488
0.409776
-1.904400
-0.467186
-2.013949
-0.436781
0.164864
-0.314672
-3.686400
0.091355
1.517245
0.925428
1.278246
1.049906
1.046970
0.861449
2.391384
-0.649141
-0.461115
-0.858794
-1.401182
-0.292193
1.506558
1.805394
-0.606317
-0.149064
-0.748960
-1.260149
-0.901210
-0.197876
2.352025
-0.633217
-0.214886
-1.001153
-0.991191
-0.501008
-0.197437
2.087816
0.193881
1.046603
0.948347
1.067235
-0.201970
0.933517
1.822100
-0.147589
0.700066
-0.467781
-0.253941
-0.434118
1.192329
-0.083749
0.548869
0.984786
0.937194
0.616144
0.586850
-0.888995
-1.889582
-0.452171
0.086277
2.123917
2.175775
2.155456
-0.459629
-1.901708
-1.058197
-0.150210
-0.125688
-0.258858
0.430112
1.036294
0.328478
-0.212664
-0.174830
-0.474664
-0.606053
0.273018
0.023602
0.433876
-0.710657
-1.146350
-0.260650
0.267117
-0.336896
-1.005946
0.479457
-0.286930
-1.478109
1.036803
1.156748
-0.469388
-0.723147
-0.008310
-0.722228
-0.616813
-1.200163
-0.613699
-0.501238
0.454556
-0.781468
-0.024991
-1.398180
-1.703947
-1.717404
-0.035922
-0.339316
2.274548
-0.264009
1.440073
1.476217
1.642790
1.463001
0.165206
0.766544
1.976070
0.219354
0.021985
-0.804563
1.603461
0.280149
1.486017
0.951089
1.587289
0.231637
-1.947826
0.611071
0.486022
1.316572
1.274761
0.753160
0.173452
-1.044992
0.688564
0.010237
1.208750
1.496593
1.146522
-0.424753
-0.991984
-0.767182
-0.416577
1.103705
2.397925
1.123826
-0.789692
-0.586817
0.982876
1.512889
0.553667
1.113941
0.442871
0.717358
0.240073
1.077212
-0.649678
0.580241
-1.485371
-0.441829
-1.554754
-1.615252
-2.808501
-1.752584
-0.296618
2.181092
0.214501
2.145137
2.159037
0.605922
-0.550830
0.159983
1.824155
1.202455
2.284200
1.103600
2.826359
-0.450267
-0.082125
-0.649026
1.589837
-2.089871
-0.794210
0.179193
-2.542236
-0.126411
-0.621703
2.429400
0.541989
-0.665603
1.308671
-2.060065
-1.301722
0.314334
-0.458833
0.865276
-0.490530
1.274438
-2.491866
-2.515214
0.612932
-1.011877
-2.781277
-3.783855
-1.609675
-1.645308
-0.572179
1.133591
-0.910181
0.044223
-0.357899
-0.669451
-0.582512
0.703469
0.285981
0.081872
1.345886
0.764870
0.452164
0.289509
0.250051
-0.352718
0.181885
-0.067766
-1.176304
0.327787
-0.262632
-0.199741
-0.927008
0.711689
-0.190907
0.270185
0.334598
-0.050141
0.013572
-0.286785
0.546500
1.364718
0.540892
0.500454
0.527081
-0.214761
0.098452
0.133787
0.969091
0.318215
1.469573
0.264747
-0.131455
-0.865114
-0.172904
-0.533929
-1.089394
-0.159986
0.254962
-12.556351
0.637136
-4.248082
-2.246620
-1.973841
-2.997363
-6.417141
4.316823
-3.971343
-0.232865
0.591637
-2.851934
0.523893
2.462557
-3.831594
-0.581120
-1.368909
1.246940
-0.802259
-2.218504
2.196931
0.089744
-1.417290
-2.405991
-1.664097
-3.753164
-3.217682
1.039710
-1.787686
-0.025454
-1.277745
0.652115
-3.213575
-1.760652
2.272385
-1.408349
-2.497264
-1.032831
-2.523656
-6.063526
-0.602676
2.489882
-5.247669
-0.051122
0.700677
-0.040136
-0.380014
0.410809
-3.105129
-2.415107
-1.686234
-1.051476
-1.032856
-0.350368
-0.979704
-0.128209
-2.013282
1.041507
1.094890
0.307798
1.265499
0.253392
-1.140498
-0.113963
0.854308
-0.048957
-1.203001
1.124838
-0.140630
-0.552613
-0.497803
1.197655
0.048665
0.713644
2.770936
0.158121
-0.324247
-0.358950
0.543806
-1.130314
-0.696105
1.353709
-1.653972
-0.834141
-0.181681
1.467927
0.493665
-0.518144
0.352060
-0.847539
-0.266382
0.834003
0.287112
1.254643
0.407514
0.937063
1.149943
0.570052
-0.062224
-1.665833
-0.605434
-0.570140
-0.300689
-0.894548
-1.125669
0.788109
0.448726
-0.267920
-0.311309
0.696271
1.000083
0.051612
0.265343
-0.276063
0.075251
-2.483858
-1.211400
0.008570
0.577702
0.354779
-0.872545
0.423082
-1.221586
0.386321
-0.241206
-0.070426
0.617716
-0.313619
0.367993
-0.805538
-0.613816
0.157890
0.046156
0.431247
0.857320
-0.638769
-0.563618
0.639923
-0.329064
-0.167401
1.507534
1.376685
1.106434
0.196458
0.177972
0.680205
1.477236
-2.184945
0.320138
0.666399
0.983859
0.760196
1.098150
0.304488
-3.229294
0.862781
1.056227
0.987221
0.950025
0.299790
0.558520
0.005873
0.437093
-1.499352
-1.474812
-1.122577
-0.771108
-0.491420
-1.780173
0.082494
-2.334845
-2.416366
-1.873835
-1.223511
-0.458085
-1.057706
0.905872
-1.075090
-0.902421
-0.936207
-0.079629
-0.282917
-0.038652
0.840979
0.119266
-0.016200
0.219511
0.933884
0.138253
-0.055924
0.190679
-0.612626
-0.573594
-0.947487
0.033495
-0.261685
7.097361
2.368493
3.508934
4.419568
5.146383
4.680309
2.334620
5.025677
0.975121
0.549291
1.928566
1.821411
2.259783
0.720762
2.436420
1.663922
1.764539
0.207263
0.293306
0.271790
1.449169
2.605063
0.617874
0.788048
-0.168835
-1.075821
1.200761
0.327195
2.270569
1.024419
0.159128
-0.011754
0.138632
0.338480
0.106703
2.060728
0.563628
1.130224
-0.723586
0.371627
1.200078
0.845960
2.798602
0.554884
-0.125127
1.174957
1.392736
0.377299
0.072713
2.790819
1.007027
0.763728
0.266239
-0.140658
0.485622
0.215297
1.748760
0.575776
-0.749108
-0.851580
0.001732
-0.815303
-0.345168
1.089231
-0.217311
-0.890769
-0.223998
0.115534
0.725606
-0.783986
1.174300
-1.002834
-0.096403
-1.383743
-1.267135
-0.134819
-0.765208
0.722162
-1.018335
-0.397620
-0.804944
-0.741954
-0.131767
-0.899627
0.145154
0.053246
-0.441405
0.098454
0.313000
0.318846
-1.105128
-0.325926
-0.373892
-1.868365
-0.868526
-0.379262
-1.636719
-0.516273
3.630955
-2.806012
0.069973
-1.090823
-2.070553
-1.338042
0.451633
-1.590755
0.431015
0.113299
2.184778
2.043359
1.564681
-1.518539
1.063687
-0.284947
1.651218
3.762726
3.674277
1.232279
-0.932833
0.645227
0.098654
0.533660
2.467216
2.776619
0.445944
-0.532122
0.596508
-0.778482
0.771128
1.087104
1.297479
0.425886
-0.269967
-1.169033
-0.232060
1.629621
3.450747
2.663292
0.438019
-1.899665
-0.106918
-3.267479
-0.555621
1.829148
1.695216
-1.391387
-0.930841
-3.089523
1.098305
1.449260
1.913790
2.326887
1.678694
0.650017
-1.054052
-0.150102
0.360029
-1.598095
-0.903852
0.537395
-0.243650
-0.249917
0.845097
0.203959
-1.760678
-1.682768
-0.199481
0.171977
0.012212
0.693372
-1.420191
-0.842595
-1.051674
0.502516
-0.023309
-0.349972
1.651382
-0.134539
-1.337265
-1.705685
-0.465521
-0.289046
0.117902
1.262959
1.038281
-1.565738
-0.984343
0.688484
0.109713
-0.159298
0.520697
0.665499
-0.344016
-0.499687
-0.377731
1.334674
2.071235
0.216233
0.250546
-0.664973
-0.433111
-0.035469
1.168617
2.363474
0.800030
-0.286023
0.591269
0.305998
0.151592
0.021327
1.695075
0.395439
-0.158932
1.811933
2.508224
0.979284
0.340739
1.841865
-0.772488
-1.366440
1.882791
0.538114
0.281820
0.085558
1.704707
0.597167
-1.221401
1.678253
0.963788
0.135449
-0.085360
1.786223
1.545820
0.044926
0.698861
-0.729929
-0.169693
0.955129
-0.835407
0.110531
-0.252125
-0.331977
-0.287103
-0.217656
-0.116473
7.450156
-1.227657
7.921666
5.539432
4.613677
5.577020
9.225915
-4.419456
4.007064
3.062793
0.905857
-1.469654
2.360062
3.875047
6.214953
2.003200
3.625951
-1.416661
-4.121187
3.886844
3.303521
1.098812
1.094040
1.540669
-6.091261
-6.585004
0.027628
2.945746
2.321532
0.109175
1.866848
-7.958465
-8.777908
0.189794
0.662075
2.395970
2.027354
2.955987
-0.046525
-0.644291
5.743945
2.424292
7.331174
1.984725
2.329064
1.682136
0.707059
3.348065
1.759883
3.843413
1.177780
2.645568
1.818647
1.252852
2.188039
1.352322
1.526738
0.155601
-0.532470
-1.257314
-1.025921
-0.172904
-0.259135
1.929627
-0.287436
-0.062728
-0.113224
-1.447528
0.439490
-1.072211
1.976657
-0.407900
-0.342605
-0.786171
-1.171944
0.451268
-1.836804
1.564112
-0.383133
0.803697
-0.663299
-0.972821
0.770836
-1.532448
1.398630
-0.486036
-0.223847
-0.868441
-0.473214
-0.814066
-0.487615
0.776749
-0.439130
0.166274
-1.428127
-1.133155
-1.194647
0.121583
4.637299
2.412210
2.026791
0.839642
0.198839
-0.622796
1.321924
2.752789
2.106688
1.161277
1.427895
0.760123
-0.679429
0.579908
1.402264
0.855997
-0.443390
2.063728
3.675802
0.158814
1.594753
1.525185
1.555137
0.366252
-0.077918
-1.066903
0.948141
2.011882
2.069281
1.917781
2.284449
1.551415
-0.421376
1.796793
2.658266
0.864902
-0.016328
0.980551
1.458624
1.547804
0.334496
1.209094
2.000344
3.064904
3.292287
2.671201
2.807046
1.222576
2.456323
-1.644144
-0.362452
0.380170
0.495676
-0.112762
0.137815
-1.052712
-1.526636
1.165308
0.369940
-0.139122
-0.617545
0.880051
-0.508574
-0.377735
0.413463
-0.207103
0.210485
-0.358281
0.315114
-1.008953
-0.227725
0.038320
-0.169385
1.161839
1.072391
0.343438
-1.480807
-0.474440
-0.220761
0.118855
1.149712
0.848378
0.370133
-0.955092
-0.462010
-0.018183
0.600474
0.484139
-0.998745
1.011635
-1.023775
-1.462527
-0.997756
-0.740516
-0.489357
-1.501114
-1.139170
-2.594800
0.038235
-0.364902
-2.013164
-1.315727
-1.483491
-1.827024
-2.403476
-1.583532
-0.140268
-1.777781
-0.957283
-0.630506
-2.161432
-3.196485
-1.267260
-0.957346
-1.943405
-0.209497
0.686025
-2.140263
-3.886557
-0.443605
-0.949790
-1.504060
-0.753229
0.591969
-0.970479
-3.092555
-0.648711
-1.061154
-2.030331
0.209689
-0.032966
-1.149182
-2.669985
-0.541488
0.129699
-0.122261
0.353082
-0.329082
-0.757310
-3.319988
-1.777595
-1.684356
-0.283395
-0.315532
-0.764261
-2.357158
-1.601743
2.642684
-1.752613
0.795614
0.647346
1.287822
0.671754
1.321553
-2.632009
-0.393640
-1.063763
-1.686130
-0.045719
-0.898860
-1.286812
0.119371
-0.638308
-0.824088
-1.606725
-1.064507
-0.642688
-1.531786
-0.605474
-0.603869
-0.965982
-1.592707
-1.182647
-0.866161
-2.227917
-0.199955
-0.785789
-0.292919
0.387689
-0.192174
-0.658695
-1.652139
-0.342536
-0.414901
-0.715809
-0.439032
1.009578
-0.886059
-1.141181
1.240032
-1.258085
-1.079576
-0.616495
0.611253
-0.077921
1.449939
-4.105156
0.363325
-1.178984
-0.948885
-1.934602
0.750963
-1.044125
-0.148989
-0.346935
-0.971037
-0.671019
-2.529191
1.233168
0.778780
-0.469694
-1.026608
-1.058974
2.075191
-1.071012
-1.183002
-1.712185
-0.655119
-0.398291
-2.023707
0.049532
-3.661175
-1.255206
-1.605085
-0.919985
-0.146158
-3.242819
-0.353918
-1.842855
-0.778833
-0.907431
0.682329
2.570232
1.122618
0.023256
-1.110783
1.207027
0.492910
1.152775
1.390484
1.530891
0.459206
0.241798
1.248909
0.187073
5.600998
3.328931
1.328409
2.172688
1.890855
2.424898
0.888470
3.566754
-0.252953
-0.002712
1.686985
-0.003683
1.410280
0.164766
1.437772
-0.834816
-0.544056
-0.931479
-1.869872
-2.411073
-1.613510
2.147238
-0.599381
0.277028
2.237695
3.159363
0.442439
-1.047079
1.433253
-0.248649
-0.862408
1.702343
2.148262
-0.241075
-0.989695
0.390981
-0.156828
1.475283
1.015597
0.249483
0.005497
-1.232601
0.498765
-0.325150
-0.269888
0.342636
-0.608194
-0.190376
-1.100954
-4.007607
-0.564255
0.218462
0.638980
1.057051
0.485240
-0.911484
-0.812627
-2.483846
-0.465418
-0.908936
-1.220360
0.672840
-0.158064
-1.797439
-0.622302
0.224110
-1.120833
-1.785788
-0.480712
0.421193
-1.853433
-0.619663
0.049125
-1.872372
-2.921331
-0.223322
0.125797
-2.010106
-0.071290
-0.244445
-0.684140
-0.198201
0.584448
0.560785
-0.450227
-0.706187
0.201829
-0.174067
-0.325449
1.265913
1.612427
-0.996386
-0.286828
-0.677249
0.456856
0.884029
1.650544
-0.479205
-0.785699
0.708436
0.127678
0.230264
0.028507
0.124758
0.049658
1.186518
0.944318
-0.098029
-0.113795
-0.345704
-1.033302
-0.308906
1.229532
-0.754202
-0.793320
-0.994620
-0.781336
-1.358395
-0.094821
1.448812
-1.542273
-0.069555
-0.374353
0.815481
-0.895184
0.579580
1.634882
-0.987147
1.640210
0.520417
0.336461
-0.714134
0.767158
0.460565
-1.141088
-0.150380
1.426298
1.571671
-0.191549
0.049124
0.269715
-0.662961
-0.191826
0.769735
0.846442
0.479992
1.302131
2.109646
-4.529540
1.679996
-0.165829
-1.210635
-0.330656
3.093963
-4.549532
1.093014
1.578596
2.015562
2.651918
1.401738
0.514661
1.828079
1.520311
2.759007
1.889866
2.744076
0.048764
0.849986
1.532125
0.796145
2.134995
1.067176
-0.605297
0.358890
1.489327
1.452348
0.350242
2.656086
2.094009
-0.001008
1.013812
1.515726
1.914226
1.821103
0.284906
0.765842
0.413885
1.810339
1.504810
1.097666
-0.519896
-0.620171
-1.414984
-0.887679
-0.694222
1.212598
-8.310211
-0.091650
-3.520336
-5.163742
-4.605063
-5.641414
-6.789591
0.829795
-3.697788
-5.532537
-4.482528
-3.153815
-3.488150
-2.967649
-2.811661
-4.211114
-4.849941
-0.956100
1.532720
-1.117801
-4.047744
-0.352940
-3.277069
-1.961966
1.054664
-1.786789
1.018349
-3.291758
-1.305157
-2.795164
-1.823129
1.382947
-1.810635
-0.981614
-1.500610
-0.364026
-3.668534
-5.427161
-4.330832
-3.376617
-4.196006
-2.327507
-5.113096
-0.227948
-1.567322
-2.158808
-1.619505
0.325309
1.324300
-8.307943
-1.146502
-4.941648
-2.287273
-3.166740
-2.995399
-3.245510
0.490352
-3.216429
-0.932955
0.462854
-1.132418
-0.537043
1.281569
-3.913824
-0.669555
0.144316
3.258517
2.941614
-1.392178
0.569375
-1.846022
0.301270
0.064982
3.058352
0.362884
-0.735233
2.040668
-2.139210
-1.028004
-0.886428
3.848742
2.299999
-0.499506
1.629870
-1.436657
-2.110369
-2.358503
-0.826674
-1.952122
-1.896935
0.395779
-2.478315
-0.282394
0.315538
-1.613976
-1.696083
-0.663733
-0.317310
1.327137
-0.587548
1.074880
0.173387
-0.045962
-0.412253
2.398505
-2.830071
1.531073
1.266214
0.575809
0.740135
0.164467
1.292673
0.713109
1.161325
1.042953
0.110462
1.665667
2.299157
2.060258
-0.606534
1.333031
0.068177
-3.297788
-2.623013
0.064682
1.041306
0.598972
1.749743
1.839240
-1.786294
-0.476417
1.566586
1.716655
-0.016013
0.466306
0.614228
0.498831
0.867604
1.854225
1.179791
1.464145
1.194032
0.692729
0.496501
0.268392
0.665727
-0.096522
-2.569129
0.674848
-1.366039
-0.080560
0.098443
0.572664
-2.226431
1.260349
2.283876
0.723375
0.351257
-0.392963
2.373932
-0.096044
-0.657777
0.594916
0.643999
-0.038260
-0.424818
0.334167
-0.123931
-0.205315
0.608870
0.205024
0.422597
-0.175683
-0.170881
-0.260154
-0.344983
0.756634
0.376528
0.914838
0.595531
-0.361254
0.353862
-0.295400
1.712700
1.338358
0.181825
0.068252
1.563527
0.072973
-2.291669
-0.387123
-0.890831
0.234379
0.556815
0.341009
-2.442971
-1.024747
1.178369
-6.473856
-5.704683
-5.241387
-4.712088
-8.906079
7.647664
-0.435306
0.570321
-0.078681
1.197340
-0.627253
-3.323679
-2.931568
0.665026
2.088658
0.741582
1.364322
2.355181
-1.053868
-0.285092
-0.895532
1.994741
-0.815859
1.726801
0.150673
-0.177790
-1.155532
-1.441036
1.901775
-0.576015
0.592970
2.126087
0.382253
-0.884284
0.086340
-1.160799
1.346879
0.736461
1.973069
-1.944930
-4.626801
-1.391526
-2.522590
-1.878971
-2.809432
-2.666312
-7.030057
3.416104
-0.173785
1.727577
0.330596
0.461476
1.985513
1.589409
-0.279507
-0.708958
0.514828
1.185820
2.211432
2.339920
-2.210282
2.090802
-1.797767
2.437710
3.230022
2.603423
0.965754
-1.010704
1.624935
-0.278965
4.624648
0.903291
0.298298
0.756968
-1.834782
1.231277
-0.300133
5.635886
1.394679
-0.792720
2.150757
-1.125725
0.139668
-1.297367
1.957464
2.344661
0.401977
1.683024
-0.993015
0.270446
-1.677120
-0.487641
-0.540102
-0.432198
0.206298
-0.222877
-2.928003
0.010826
-2.560110
-4.027258
-5.372877
-4.808372
-4.140345
-0.048035
-0.075758
0.312847
1.203775
0.328844
2.409248
0.739155
0.689451
1.180912
2.200998
-1.855963
-3.941111
2.987900
3.031813
0.455072
-0.993082
2.295460
-2.546732
-4.599255
1.114328
2.457228
0.727880
0.289335
5.466829
2.738903
-1.443949
3.657242
4.198200
0.794615
0.143787
0.394375
2.481474
-0.444029
4.405336
3.273642
-2.551544
2.595037
1.014450
1.193172
0.581642
1.975431
-1.287962
-2.364050
3.607722
1.545955
2.223501
1.985934
3.176915
1.368048
1.315897
2.270287
0.476856
-0.201290
-1.162289
0.590592
0.707704
0.515570
0.050750
-1.852365
0.248020
0.240808
-0.261357
-0.110416
-1.345277
0.577035
0.724720
5.030925
5.414686
2.662481
1.000214
-1.674842
2.584864
0.155227
4.187551
5.731081
2.477177
0.060124
-0.239596
1.493063
0.396322
1.721992
1.676395
0.690574
1.346881
-3.678391
0.143409
-1.498663
-0.186904
-1.207074
-0.231841
-0.948956
-1.448399
-0.990534
1.280293
-0.646106
-1.045811
-0.903361
-0.772937
-0.887670
0.142429
1.057576
0.077609
0.534281
0.698328
1.071070
-0.000370
-0.053140
1.245433
0.738353
2.033943
-0.060421
0.349767
-0.423530
0.615478
0.034293
-0.317615
-0.580333
-1.472236
0.264426
-0.585499
0.505386
-0.369356
-1.105381
-0.586332
-1.555354
1.192509
-0.270958
-0.158067
0.177796
0.318810
1.384981
0.161069
0.249646
-0.551201
-0.228621
-0.524083
-0.170195
0.779626
-0.545140
-2.716823
4.700718
-1.295927
1.260524
0.822674
0.662358
0.060070
1.104715
-3.290387
2.928172
1.129020
-2.072517
-0.207426
-0.091708
-1.776437
0.095275
0.914426
0.459729
0.197956
3.111596
0.511807
-1.327711
-1.323762
-0.196539
-1.000841
0.866021
1.089765
0.759705
-1.463689
-0.737911
-0.597291
0.266979
-0.377612
0.658464
0.556448
-0.674083
-0.695701
1.352271
-0.928598
-0.810303
1.853265
0.551356
-1.648582
1.585900
-0.028943
-1.127329
-0.541740
1.290968
-0.929578
0.951248
2.666070
-1.867118
1.142741
0.767752
0.105652
-0.722471
-0.174747
-0.161945
0.479152
0.495361
0.127949
0.220859
0.102765
0.302351
0.986851
1.742408
1.154238
-0.028252
-0.018807
-0.452812
0.080639
0.469636
0.760347
0.183483
1.259491
1.786036
0.517403
-0.469124
1.493368
2.247966
-0.138728
1.561014
3.432513
0.880328
0.048491
0.647922
1.022901
1.755976
0.848912
1.454893
1.042915
0.249693
0.147707
1.773347
0.243602
0.739918
-0.315369
-0.129130
-1.318238
8.159616
-0.805317
0.084483
-0.301908
-0.286241
0.557674
1.228274
-2.285224
-1.717854
-0.767529
2.312768
1.002993
0.398135
-2.393025
-0.138855
-0.817279
-1.198802
1.722497
0.836401
-0.624097
-2.939248
-1.175794
-1.096928
-1.246815
-0.150410
-0.010934
-2.016006
-3.359332
-1.479806
-0.731057
-0.798813
-0.887822
-0.710641
-1.566614
-2.672836
-1.541059
-0.523852
1.673341
2.454893
0.431013
1.999419
-1.381684
-1.582021
-4.054407
-2.060494
-1.171560
-1.903124
-1.002397
-2.237535
-0.793156
1.335198
0.146355
1.199342
1.584519
1.197635
-0.014810
0.527067
0.308892
-0.309562
-0.328808
0.099346
-0.338977
0.909783
-0.600957
-0.442945
-0.012537
-0.872179
-0.665798
-0.257162
0.394531
-0.735014
-0.221460
0.838557
-0.007080
0.918180
0.247420
0.721867
-0.317083
-0.491993
0.970253
-0.638843
0.392354
0.741345
-0.224662
-0.101475
-0.361769
-1.076591
-0.844109
0.159889
-0.039867
-0.709656
-0.257464
-0.398645
-1.400619
-1.328818
-0.577941
-0.666966
0.097658
-10.005547
-2.195675
-4.607458
-2.639596
-2.421878
-2.017799
-4.878840
1.462254
-2.048672
-0.957150
0.964090
0.175123
1.352673
0.346354
-3.920554
-0.172051
0.644676
-0.385883
-0.649094
-0.827615
0.779663
-1.121918
0.876413
0.317488
0.312325
-0.388297
-0.237269
0.376814
-2.031528
0.292173
0.530006
-1.409339
0.244219
0.616442
0.589630
-0.476293
-0.548685
0.101219
-1.350728
-2.789766
-0.613949
-0.017080
-3.719772
0.361746
-1.551627
-0.252853
-0.429668
-0.374222
-1.084505
-7.996319
-3.887014
1.298564
-1.708491
-1.405418
-1.188365
-0.876730
-4.662713
1.363467
0.190782
0.488122
0.018227
1.457842
-0.492149
0.445633
-0.632357
1.899088
2.266983
2.430910
-0.489256
1.539757
-0.702112
2.864718
2.200523
1.678136
2.278276
0.498795
2.195950
-0.451720
1.995068
0.924284
-0.670776
-1.289169
1.003836
1.326894
-1.940572
-0.666635
-0.895267
0.191268
0.038393
1.671949
-1.065241
-0.930477
-2.244471
-1.645218
0.562893
1.140644
-0.218341
-2.624615
-1.196411
2.454971
-1.678421
-1.075031
-0.335954
-1.194270
-2.639483
1.903992
-0.224560
-0.308497
1.563082
1.635993
-0.970637
-2.287913
-1.032362
-0.882046
-1.033199
-0.266545
0.187449
-0.568326
-1.467462
-0.118151
-0.671877
1.093580
1.552027
2.329798
0.971360
-0.304109
-0.856687
-0.601076
0.188225
0.309556
0.979985
-0.092918
-0.500088
-1.082056
-0.913621
1.432517
2.295759
1.665404
0.388215
-1.544826
-2.772339
-0.349342
0.343313
1.786377
1.922117
-0.721731
0.433898
0.543108
1.669702
1.465816
2.165406
3.589371
2.298574
1.213303
0.777712
0.827713
0.936946
-0.429314
2.331867
-0.831208
0.476573
-0.234100
0.858610
-0.386899
-0.072419
1.281240
-0.647139
0.593121
-0.141271
2.217770
1.792009
3.101407
3.387546
1.812404
0.566666
0.248900
2.202316
0.422223
1.503474
3.228690
0.196393
0.133322
0.399899
0.941375
-0.707656
-1.225503
1.867079
-1.051361
0.539622
0.645774
0.609118
0.581451
-0.383851
0.851497
0.821504
1.582770
-1.317722
1.391712
0.957596
1.015444
2.179562
1.209480
-1.982899
0.559650
1.015482
2.210775
1.995255
0.707958
2.419210
-0.677149
1.185425
3.829887
3.311033
-0.814564
-2.564766
1.775845
2.419851
-0.068588
2.219257
1.895855
-6.136013
-7.799864
0.924801
1.468723
0.736958
2.867203
1.504480
-3.656664
-6.349594
0.386118
1.731327
0.289515
1.392902
3.359760
-0.723028
-1.589794
3.167362
1.744884
-1.764778
0.028967
0.604280
0.247936
-0.035664
0.878757
-3.364395
2.798475
0.341683
1.519093
1.843101
2.412132
1.617322
2.456483
1.501326
0.848145
-0.082243
-1.187734
-0.554234
0.433551
0.665857
1.299833
-0.621600
0.266604
0.328292
-0.170145
0.802219
1.587706
1.306372
-0.852674
0.706466
1.135359
0.076615
0.297741
0.778959
1.315267
-0.768338
-0.646751
-0.020830
-0.445830
0.709722
0.495129
0.507655
-0.719167
-1.198720
-0.559204
0.407703
0.043347
-0.554837
1.942255
-0.800910
-0.825539
-1.518356
-1.119571
-0.948953
0.590177
-2.674862
0.246709
0.281901
0.028172
-0.385806
-0.041865
0.157119
1.121797
-0.199502
0.594098
0.996149
-0.590814
1.145008
2.603835
0.353286
1.521385
-0.519317
-1.754063
-3.193907
-2.348435
0.958748
0.934379
-0.008936
-2.447422
-1.662146
-1.660630
-2.198281
0.474146
1.883286
0.874294
-1.402557
-1.403025
-1.872584
-1.112626
1.375514
1.643611
1.139703
-0.016689
-2.355157
-3.503384
-0.841253
2.180231
0.012675
2.239778
2.044563
1.290169
0.230339
2.290349
2.057008
-4.061002
-0.429621
-3.119344
-2.551618
-1.557962
-1.963170
-3.385681
-1.919737
-2.213890
-2.682895
-2.180247
-0.515759
-0.738164
-2.247315
-3.783189
-2.041971
-2.023077
-1.473658
0.146727
-2.596762
0.160241
-2.779897
-1.116073
-1.718253
3.548465
3.679946
-0.092881
0.642165
-2.439773
-1.355622
0.150103
3.379857
2.696443
0.584854
0.857682
-2.570451
-2.706346
-2.203069
-1.530425
-3.077629
-2.588202
-2.542928
-3.192820
-2.065760
-2.869232
-2.012538
-1.393167
-0.717091
-0.979184
-11.058300
-2.892153
-6.883089
-4.604127
-3.811183
-6.192703
-7.711939
-3.437308
-3.132272
-1.790652
-2.150156
-1.651951
-2.085913
-3.140106
-5.271752
-0.647381
-1.926652
-2.213947
-0.670988
-1.244407
-1.576121
-3.406646
0.474171
-1.464942
0.400309
-1.254905
0.400252
-0.690485
-3.956856
0.853343
-2.033671
2.680604
0.782691
-0.279109
-1.055097
-3.639073
-1.765099
-3.834965
-2.068433
-1.623469
-1.911565
-0.529603
-3.667329
0.281884
-2.676335
-1.848360
-1.480706
-0.367056
-2.261372
-0.671416
0.933982
-1.335836
-0.872132
-0.801402
-1.426954
-1.586452
1.422742
-3.496874
-0.563961
1.841481
2.154976
-0.264168
0.588660
0.174322
-1.154731
-0.288917
1.443264
0.324274
-0.484215
0.218633
0.856699
-1.698771
0.196628
0.131219
-0.435105
-1.324525
-0.485229
0.457775
-1.363761
-0.971954
0.963832
0.369040
-2.139313
0.342035
-0.009009
-2.240781
-1.601556
0.337921
-0.423048
-2.462160
1.785038
-2.424699
-0.610741
0.044131
0.337704
0.077277
0.526498
-2.882090
4.273926
0.688400
0.969171
0.712002
0.919461
0.727331
1.830088
0.468274
-0.442076
-0.544961
-1.091965
-0.458257
-1.714237
-0.157413
0.476278
-1.195397
-0.831835
0.146304
-0.251484
0.216250
-0.032252
0.038728
-0.748551
-1.574162
0.596213
2.156312
-1.034245
-0.103042
-0.030557
-0.271952
-1.316993
-1.005285
1.018839
-0.952252
-0.962108
-0.848288
-0.349234
-1.294686
-0.794848
-0.125454
-1.686746
-0.977386
0.497019
-0.089141
0.776289
-0.146514
-0.316685
-0.657728
0.670003
-12.320097
-1.031407
-0.990418
0.175464
1.683104
-0.360141
0.897405
-3.665286
0.568786
-2.788448
-1.356587
-1.250071
-0.252642
-0.498272
-1.910458
-2.131977
-1.829747
-1.547635
0.147364
0.279738
1.593396
-1.558067
0.246978
1.817883
-1.084918
0.330281
2.104593
1.748810
-0.079479
-1.094556
-0.044871
-3.374474
0.066899
-0.182855
-0.380663
-0.871793
-1.368830
-1.797924
-2.404032
0.179085
-0.374857
-2.187045
-3.297448
-0.030605
0.203246
0.083843
0.300240
0.832053
2.434383
-5.738347
-4.074279
-6.108227
-3.986143
-0.994083
-1.719469
-3.972533
2.782603
-6.240841
-3.485067
-0.755651
0.677821
0.578217
-1.116291
-3.182910
-3.576771
-0.077747
-0.045670
-0.115891
-0.061572
1.989728
-0.820107
-2.037745
0.399453
-1.187886
-1.711771
-1.261879
-0.547552
-2.377744
-2.347461
-0.701197
-0.034530
-0.014740
1.064580
0.465534
-3.421776
-3.661123
-1.281302
-0.140152
-0.039387
-0.385332
1.188009
-4.368762
-3.171028
-1.231823
0.080771
0.824526
0.349884
2.246567
0.615006
-0.683239
-1.022901
-1.215743
-1.746485
-1.400668
-1.329818
-0.265062
-0.815443
-0.949802
0.438427
0.862966
-0.730525
-2.043210
0.072323
-1.121937
-1.061574
-0.033774
0.007613
-0.970970
-1.902966
-0.040457
-1.825099
-0.527255
-2.408541
-1.387751
-1.512578
-2.251398
0.148159
-1.513667
1.352947
-0.831899
-0.667988
-0.565271
-1.530075
-0.773144
-1.108094
-0.146035
0.482342
0.082805
-1.120393
-1.774208
-1.788046
-2.289786
-1.876725
-0.751728
-1.392270
-2.497495
-1.904953
-5.800151
-0.000154
-0.343070
0.121969
0.399994
-0.287881
-1.289119
0.436913
-0.045869
2.212986
2.684017
1.327464
3.944277
0.005978
-0.361411
1.982731
2.880049
0.299701
-1.222077
1.761357
1.652401
0.557166
1.521753
1.683734
-0.076426
-2.127594
2.219632
2.245009
0.641623
1.697465
1.247315
-0.603766
0.731163
2.150272
2.426925
2.231239
2.061839
2.516251
0.670812
-0.111125
3.477961
3.167770
-0.175814
3.036176
1.922827
2.335502
1.847162
2.739617
-2.515519
-2.329907
2.492654
-0.443856
-1.027488
-1.702626
-0.328808
2.040877
3.077153
1.466130
-0.212956
0.023724
-0.249274
0.411926
1.642339
0.387602
-0.645477
0.377571
-1.528025
-2.064037
-0.649172
0.489570
1.190544
-0.884620
0.326396
-1.121391
-1.070266
-0.169589
-0.002407
1.508098
-0.369179
0.257391
-0.168283
0.270935
0.648393
0.265752
1.581039
0.705962
-1.204820
-0.549303
-0.956513
0.730818
0.499009
1.898902
1.456755
1.121100
0.525533
-0.403508
0.761189
1.128434
-0.856007
-2.914268
0.052259
0.199082
-0.158816
-0.080556
-0.159326
-1.275313
0.746024
-1.138561
-0.309518
-0.411116
-2.568489
1.657640
0.465478
0.077512
-2.541952
-0.652200
-0.355660
-3.940569
1.056520
0.942400
1.194652
2.519094
1.832723
0.481025
-1.163165
3.489146
1.256349
0.688411
-0.280809
0.383499
-0.691162
-2.832745
1.692290
0.028068
1.314123
-1.076856
2.826337
0.742142
-2.539965
-1.828619
1.976860
-0.541323
-1.244048
0.051763
-0.364983
-2.663870
2.526506
-1.715394
-0.549662
0.995400
1.862342
2.772401
1.550042
1.722171
-1.270341
1.874011
0.271367
0.124312
1.819961
0.292193
0.118478
0.597423
1.556111
0.375087
1.932513
2.230987
0.256707
-0.161938
0.989203
0.677794
-0.465514
2.371219
2.303149
1.089698
0.975028
1.068837
0.995673
1.992202
3.085038
4.651195
1.406753
1.294635
0.903018
1.602590
-2.004718
-0.120646
2.119431
-1.704446
1.546359
-0.307393
2.123908
2.070790
1.691398
2.592666
1.534787
3.158933
-2.229752
1.167492
0.719917
0.687891
0.583162
0.761298
1.060308
1.459367
0.188728
1.117155
-0.126467
0.661575
0.632176
1.007152
0.269799
0.563210
0.235501
-0.327366
-0.950930
-1.210324
0.524268
0.664137
0.620006
-0.648798
0.145830
0.566265
-0.447698
-0.007484
0.564387
1.573981
-0.871116
-0.707186
-0.174096
-0.661712
0.409832
0.461415
0.871099
-0.083179
-1.116854
-0.548959
-0.097022
1.075433
-0.249661
-0.118046
0.618790
1.273608
1.276154
-0.039442
-1.350108
2.925887
-0.544382
-0.058667
-0.798754
-0.558939
-1.070633
0.363851
-0.390397
0.554144
0.075394
0.792065
0.232000
-0.795723
-1.207146
-0.138796
1.167384
1.151504
1.040928
-0.728903
-1.206696
-0.479817
0.344375
0.587877
0.093746
0.053680
0.927417
0.513284
0.338039
0.671118
0.703847
0.997749
-0.104369
0.410075
-0.223341
-0.057052
-0.596723
0.670862
0.724083
-0.308378
-1.220945
-0.806397
0.099375
1.079998
0.276117
1.136013
1.605740
0.975653
0.544806
0.896263
-1.951397
2.218307
-1.710485
-0.656401
-0.912664
-0.514891
-1.873501
1.576252
-1.483075
-1.589859
-1.368978
-2.123724
-1.195022
0.190922
-2.088553
-2.410846
-3.414594
-2.270777
-1.053164
-2.730133
-1.742169
-1.752848
-1.520537
-3.473559
-1.912992
-2.295372
-3.025687
-2.962442
-1.836743
-0.124919
-2.814479
-3.037236
-3.836438
-2.872839
-2.598642
-0.576167
-0.636813
-0.705340
-1.903895
-2.139749
-1.690462
-1.765209
-1.188556
1.124031
-1.258112
-0.106730
0.251204
1.351841
2.455187
-1.691730
0.094698
-1.253630
-2.068963
-1.991514
-1.746914
-1.778820
-0.335885
-0.736749
-0.476089
0.563524
0.700566
-0.877859
-1.166995
-0.893600
-0.162502
-0.756387
0.514423
0.894131
0.509122
-0.629267
-0.990046
-0.053805
0.233354
-0.816021
-0.515217
0.016940
-0.436017
-0.882767
-0.040159
-0.155545
0.087886
-0.334913
0.425292
-0.491277
-0.654736
0.658150
1.023970
1.870186
1.553753
0.847115
0.122616
-1.693536
-0.562308
-0.449866
0.255170
0.843086
-0.316733
-1.306979
0.249049
0.867027
-0.825135
-0.921963
-0.755955
-0.468465
-0.065902
0.621626
0.973186
0.494773
0.011193
-0.079461
0.939086
0.183543
0.076500
0.500490
0.310009
0.872856
0.787261
0.958710
-0.882103
0.172528
-0.100529
-0.684597
-1.781115
-1.025319
-0.158470
-0.491442
0.174832
0.189423
-0.258746
-1.554608
-1.409925
-0.091362
0.116581
0.118258
0.647643
-0.226941
-2.191993
-1.814051
-0.211976
-0.008090
0.156176
0.005384
-0.230446
-0.579660
-0.111123
-0.322354
-0.430406
-4.637660
1.805208
1.121336
2.141260
2.047690
2.226280
0.432842
4.137883
2.898204
2.877233
3.226125
3.229779
2.516991
3.187764
1.862007
2.999212
3.105412
3.357088
1.518906
1.351091
1.717005
2.388009
2.606072
2.684116
2.979249
1.208109
1.516231
1.574205
1.722323
2.567033
0.790406
3.058722
1.400123
0.277512
0.589221
1.694540
2.480607
1.238075
0.561243
0.949762
0.291964
1.239473
1.096277
1.610112
1.789473
1.642779
1.472790
0.749214
1.590870
1.447355
0.916499
0.680992
0.635343
1.445419
0.968809
0.820498
0.220768
1.503872
1.440926
1.471062
1.495741
0.566351
0.186467
0.076674
1.672707
0.373600
1.157660
1.339988
-0.053685
1.256390
0.055919
2.077963
0.345768
0.208113
0.413817
0.292567
1.567011
0.132425
1.969876
1.407972
0.193606
1.122114
0.428952
1.740734
-0.949155
1.022585
1.815946
1.264484
1.650069
1.666850
0.805164
0.091900
0.409972
0.714734
1.386559
1.378543
0.659660
-1.072627
0.517728
-1.818708
-1.711389
-3.285590
-3.777161
-3.101431
-0.044261
-3.401396
-2.640643
-1.387838
0.185049
1.095341
-0.324427
1.161259
-1.799821
-2.482557
-0.205714
0.985306
-0.090660
0.010767
0.715319
-2.848143
-0.843958
0.082660
-0.541929
-2.793729
-1.257466
0.989217
-3.057262
-0.504080
-0.662302
-0.780613
-0.613768
-0.630671
0.128103
-1.303351
-0.667024
-1.048050
-0.895300
-2.015827
-0.663556
1.138731
0.476715
1.048281
0.810173
-0.347375
-0.913451
0.908776
0.716718
-3.879816
0.248281
-3.608688
0.996501
1.385624
0.146683
-4.646328
2.051703
-2.577424
-1.290837
-0.967461
-3.065461
-1.043792
0.339999
-3.271151
2.083428
-0.297039
-0.675756
-2.562277
-2.949102
-1.099023
-2.257223
-0.490151
-2.640676
1.591565
2.933693
-0.188249
-1.190122
-1.506587
1.734443
-2.210206
-0.785099
1.681913
-0.589242
-0.508669
-1.689023
0.903165
0.415298
-0.986274
-1.491182
-1.961221
-0.901744
-4.857159
-0.984038
-0.621885
2.015255
1.440349
-1.043221
-4.672381
2.589292
0.257379
0.303874
0.615698
0.112127
0.881773
0.569723
1.536861
-0.406595
-0.560424
0.570511
0.405164
-0.566290
0.692665
2.044539
-0.746973
-1.007653
0.528891
0.446329
-0.967995
-1.154922
1.220966
-0.918059
0.627146
3.212651
2.366294
0.643598
-1.453671
1.636370
-0.939739
-1.017570
2.565574
0.776214
-1.084542
-1.597908
1.100941
-0.043225
-0.924916
-0.028631
-0.924837
-1.350921
-1.034401
0.867455
-0.491454
0.792890
-0.221472
-0.315619
-0.522707
1.478573
-0.989879
-3.363438
-3.672415
-4.401164
-6.556288
-4.440856
-1.755796
-3.095878
-6.534654
-2.126346
-0.094698
-2.303806
-0.464731
2.385523
-2.927814
-1.041620
-0.017034
-0.466830
-2.442250
-1.100431
1.212821
-3.971715
-0.346930
-2.014554
-3.703998
-4.835549
-3.620518
2.724866
-3.343740
1.355180
-0.272887
-0.424932
-0.186668
-2.676825
2.952930
-0.772934
-2.873936
2.471529
-0.445438
-0.967621
-1.246458
4.893338
-1.124024
-0.110716
-1.739148
0.144971
-1.588086
0.310258
-6.878023
1.495368
-2.111369
-0.665679
-1.240798
-1.806956
-2.169952
-1.257534
-1.670581
0.168417
0.122953
-1.745564
-1.541101
-2.042600
1.984528
0.545889
1.686155
-1.014874
-2.964172
-2.233098
-1.970730
0.408058
-0.122009
0.609409
-2.624839
-2.706291
-1.118108
-1.048194
1.438281
1.245842
0.429559
-1.664029
-3.199250
-1.702937
-1.459238
0.726344
0.019622
-1.159982
-0.408375
-3.415362
-1.775370
-2.453460
-1.799081
-1.181353
0.267056
-0.544261
0.284578
0.291099
-2.016978
-0.026897
3.637408
1.335557
1.627584
1.564411
1.005720
0.709230
3.185623
2.041188
-0.582791
-0.659130
-1.897863
-2.177056
-0.129668
1.151120
1.604245
-0.070191
-0.055966
-2.405748
-4.498509
-1.805816
-0.670239
0.402101
-1.614677
-2.248666
-3.457360
-3.661501
-2.245040
-0.749801
0.276869
-1.133673
-0.814561
-2.801111
-2.919079
-0.836853
-1.060639
0.073328
0.177958
-1.574580
-3.360420
-2.620974
1.073290
-0.931295
1.968909
0.893614
0.093188
-0.045151
0.244626
0.488798
-0.476534
2.347147
3.535650
1.177616
3.356605
3.825580
4.126812
1.085829
3.256692
0.626904
-0.803812
-1.586006
-1.592741
-0.827214
-3.342983
0.555267
-1.273582
-1.050562
-1.465359
-0.434463
-0.410534
-2.273220
1.486042
-1.807426
-1.139739
-1.724826
-2.348063
0.108063
-1.575014
1.165777
-1.619485
-0.294711
-1.654049
-1.401869
0.827295
-1.550296
0.554657
0.060775
-0.368190
-2.590329
-0.939566
1.547734
-0.486677
1.436142
-1.069363
-0.446127
-0.932175
0.171657
1.588314
-0.688630
6.082509
-1.663895
-0.059317
-0.971607
-0.864215
0.176691
1.732693
1.054537
-1.000157
-1.842059
-1.016958
-2.384298
-0.943731
-0.913339
0.568392
-1.974520
-1.544418
0.698513
0.205364
-1.951950
-0.689492
-0.560584
-2.629574
-2.147681
0.220733
-0.060450
-2.167935
-1.109390
-1.038507
-2.289258
-1.747550
1.864467
0.460037
-2.915288
-2.129635
-0.866262
-1.358197
-1.388103
-0.418291
-2.040320
-1.478702
-1.149536
1.020819
-2.207272
-0.103736
0.004963
-0.516482
-0.562407
0.496947
7.238811
-3.966488
1.810240
0.537853
-1.458820
-1.058258
3.663747
-3.906081
-0.800792
-1.118044
1.476707
-0.040712
-0.852411
-0.051467
2.290349
0.399852
2.240941
2.494980
0.064711
0.623514
1.616744
1.302822
0.453943
2.008892
1.047556
-0.216980
1.054918
1.070809
2.236545
-0.477974
1.385961
0.920950
-2.087482
-0.033077
-0.135822
0.874845
-0.737313
0.952131
0.037097
-0.338129
-0.395830
-0.599834
4.124372
0.120563
1.583074
-0.105662
-0.409331
-0.306502
3.333704
1.745390
-0.574114
2.143098
0.809454
0.840889
0.751397
3.606941
0.703246
1.079367
1.060612
-1.798595
-1.742757
-0.959810
2.103104
3.121343
-1.844929
-0.273026
-1.293972
-1.229866
-0.391160
1.116915
2.327119
-0.876654
3.140079
-2.639157
-1.331768
-1.564035
2.176532
1.817819
-1.217327
2.566997
-0.807154
-2.548532
-0.160477
1.584752
2.126058
0.096331
-0.411052
-0.563743
-2.072515
-0.585782
2.168581
1.872000
0.830978
0.853237
0.168556
1.221014
0.678644
3.125782
0.318613
-0.237686
-0.247121
-0.422240
-0.237444
-0.208472
-1.437145
-0.476506
0.254253
0.408805
1.246654
1.175278
1.318832
-1.130535
0.600628
-0.144042
-0.734793
-0.999790
-0.357386
-0.770000
-0.322844
0.338809
0.168180
-0.189821
-0.416506
0.681282
-0.839217
-1.017773
0.666148
-0.041696
-0.971809
-1.037276
-0.633061
-1.859364
-1.290487
0.337340
0.130789
0.404173
-0.149620
-0.306771
0.241055
-1.342427
0.127810
0.719828
-0.636079
-1.060621
-1.324883
-0.021166
-1.651476
-0.708773
0.135369
-0.079789
0.422926
-0.086159
-0.132613
-0.027102
-0.180552
-0.248623
-0.650316
-0.938365
-1.762357
-0.350139
-1.367844
-0.117049
-2.085155
-1.612940
-0.063402
-1.621130
-0.934344
-2.546924
0.109234
-1.927807
-0.644355
-0.713770
-1.570962
-1.402120
-2.183594
-0.539844
-2.157255
-1.179931
-2.013248
-1.722562
-1.093952
-1.876990
-0.492212
-1.452947
0.055880
0.101338
-0.594538
0.242138
-1.407302
-0.360285
-1.776153
-1.731687
-1.620117
-1.933384
-1.782234
-2.094752
0.777500
-0.117280
-0.158679
0.014730
-0.537750
-0.183198
0.083254
-0.876812
0.096739
0.069910
1.025079
-0.085377
0.070896
0.460211
-0.338288
0.754419
0.584946
2.036668
0.664932
1.096385
-0.282219
-0.152217
0.154636
-0.358355
-0.185446
-1.410873
0.148057
0.374889
-0.301557
-0.166857
-0.156580
1.883544
0.290480
1.828854
1.086411
-0.209520
0.439685
0.623938
1.661271
0.203895
1.022682
0.766376
-0.059970
0.611108
1.159252
1.511893
1.130705
0.637623
0.663751
-1.923227
-1.201112
-0.706157
-0.306433
-0.316047
-0.563946
-0.663615
-2.556485
-0.666706
0.129550
-0.494847
0.251783
0.295883
0.174544
-0.003286
0.641012
1.220308
0.559175
1.115892
1.086997
1.340650
-0.534981
0.795357
1.047584
0.771747
0.464393
1.080823
0.568509
-0.584306
0.173434
0.563817
-0.445827
-0.308861
0.145492
0.226890
-0.998772
-0.523381
-0.455458
-1.220841
-0.607172
-0.844523
0.351378
-0.311913
0.169995
-0.011555
-0.800890
0.261085
0.066908
1.038400
2.931834
0.985726
0.906258
0.664644
0.492178
0.515101
2.764329
1.696296
2.233311
1.100124
0.907893
0.336202
1.258488
0.129556
1.706182
0.381450
-0.921625
1.187813
1.199926
-0.642695
-0.979154
1.812774
-0.020293
-1.333282
1.976460
0.846838
0.429685
-0.872434
1.704210
0.246559
-0.442919
0.975035
0.155284
0.376506
-0.575056
0.889006
0.481992
-0.249217
-0.207258
-0.787264
0.345675
-0.044797
1.598472
-0.052203
-0.443549
0.205337
0.871811
-0.314837
0.856372
-1.647258
-1.135242
-2.486178
-2.986741
-2.652248
-2.297402
-2.518867
-0.493090
1.071217
-0.235097
-0.556749
-1.867220
-0.594232
-0.845921
-1.401361
-0.298314
-1.324091
-1.900583
-1.594586
-1.928792
-2.231935
-1.638535
-0.838682
-0.839968
-1.582633
0.882630
-2.749683
-1.910276
-1.595482
-1.419253
-0.391829
-1.286471
-0.594125
-1.671536
-1.315460
-1.428307
0.328457
-2.219394
-0.362093
-0.327714
-0.754268
-1.696176
-0.710619
-1.365842
-2.701445
-3.258244
-2.619102
-1.885637
-3.053240
-3.045947
-0.855671
0.759767
-0.774923
0.130350
-0.744055
-0.262083
-3.448000
-3.198942
-0.641490
-1.416028
-1.957150
-0.266831
-0.945694
-0.312666
-1.362814
0.102841
-1.864164
-3.883400
0.841937
-1.311063
-1.077122
-2.109682
-1.844567
-3.246385
-5.783897
-0.705204
-0.952220
-1.059832
-1.410398
0.127625
-1.895190
-2.980525
-0.434868
-0.912293
-0.347461
-0.944601
0.902833
-1.709050
-2.926069
2.389229
1.115689
-0.753887
1.621555
2.355591
0.725427
0.395211
2.995888
-1.555948
-11.798609
-4.836463
-4.794827
-5.004740
-4.328458
-5.453825
-4.829720
-1.312303
0.729105
0.812948
1.663007
3.378798
1.502778
1.603216
-2.089652
1.732552
1.696772
1.433856
3.822284
2.562598
3.814249
-0.713596
2.688790
1.667287
-2.966650
-2.155577
0.116070
3.213615
-1.304670
2.526686
-0.149183
-2.629237
-1.932886
-2.141214
2.782217
-1.028884
2.053630
-1.241318
-1.676974
0.011254
-0.363895
2.749831
-4.270011
3.314476
2.393388
2.816494
2.874680
1.447969
1.539893
-1.150706
0.369695
0.107880
0.157727
0.494457
-0.044412
0.127913
0.120989
0.047541
0.621637
-1.544029
-1.434334
-0.231995
1.796331
-0.912098
0.847088
0.447845
-1.889546
-3.430472
-0.957741
1.888773
-0.665187
0.716336
0.733495
0.258775
-0.316232
0.724371
1.379213
-0.212794
1.168274
0.313199
-0.306738
0.293043
0.374554
1.006670
0.492477
1.519551
-1.052228
-2.663652
-2.509016
-0.144862
1.812419
-0.226942
2.770138
1.724211
0.603765
1.215879
2.539155
2.081067
7.862768
5.457056
1.844567
3.027729
2.574271
2.743780
4.647965
2.417661
-0.015836
-1.492325
-2.854091
-2.555497
-3.296142
0.443806
4.003504
-0.873320
-2.283008
-3.405427
-2.217429
-2.742823
-2.547008
1.897494
-0.194991
-1.394271
1.139660
0.307755
-1.542514
-2.558911
2.545478
-0.739410
-2.695008
-1.401649
-1.955372
-2.853259
-3.321435
1.544483
-1.549069
-2.606527
-5.366364
-4.554474
-3.886297
-2.441221
3.426808
0.088852
-0.032759
-3.299639
-3.796667
-1.407193
2.311702
5.263892
-1.941752
1.618517
0.809849
0.165942
0.842500
-0.003891
0.384733
2.064431
1.590182
4.286500
2.313359
2.281370
0.716259
4.564388
0.968005
0.596251
0.645661
-1.627130
-0.403945
-1.085973
2.408774
-1.564570
0.287460
-1.218403
-1.854679
-1.005414
-1.290557
2.641472
-1.403503
2.160275
0.235074
-2.069458
0.220031
-1.135165
2.295820
-0.217839
0.814893
1.049978
-0.174277
0.095346
-0.260281
3.900570
-0.588266
0.715739
-0.807477
-1.423003
-0.575101
-0.720187
10.379303
-0.816513
4.089670
4.507509
3.263462
2.982167
4.645631
-1.883950
2.055730
0.562818
0.928412
0.230533
0.168954
1.239530
3.851930
-0.196993
-2.108067
-1.966610
-4.485486
-1.491955
0.730251
3.337829
-0.891073
-0.918858
3.762721
1.874709
2.314323
0.855828
3.677214
-0.715425
-0.958475
4.649921
2.878479
3.036457
-0.757883
2.383697
-1.024254
-1.092602
1.181399
0.883580
-0.294009
-0.471858
3.724552
0.499763
1.798804
0.869001
0.273855
0.849957
2.347314
5.872526
-0.959248
0.378175
-0.986391
-1.369684
-0.569656
-0.000769
-0.233948
-1.104401
-0.784735
0.080566
-0.415847
-1.732653
-1.090916
0.388934
-1.142796
-0.706719
0.095107
-1.757795
-0.590746
-0.939555
0.380894
-0.570516
-0.750912
-2.911400
-1.649140
-1.794534
-1.524731
-0.057747
-0.207643
0.255965
-1.714355
-1.801208
-0.346404
-2.340118
-1.925071
-1.574654
-1.082871
0.609707
0.152326
-0.776603
-2.758054
-0.185104
-3.167451
-1.873648
-1.251470
-1.911568
-2.318058
-2.823854
-0.645934
2.958728
1.486619
3.328642
4.987109
4.512024
1.240788
0.913779
2.670278
2.162208
1.269250
2.182654
1.896104
3.011979
0.016725
1.167804
1.112573
2.955295
3.366729
1.265965
3.062472
-0.034227
0.052691
2.229949
3.410426
4.898038
0.439595
1.975217
1.109239
0.584533
2.249501
1.805455
1.957286
0.718997
1.814141
0.794912
1.185469
1.153634
1.285602
0.822240
0.949075
2.687218
0.856592
0.239529
-0.833406
0.188307
-0.390326
0.920816
0.172914
0.105041
-2.720840
0.315531
-0.435958
0.028971
-0.492581
0.028915
-3.534398
-0.938150
-0.422590
-0.580919
0.025865
-1.504359
-2.173155
-1.300443
-0.361719
-0.376936
-1.645806
-1.585913
-2.197896
-1.792085
-1.807908
0.039340
-0.854629
0.124063
0.796246
-1.414177
-1.642264
-1.467084
0.138350
1.233164
-0.654994
-0.099861
-0.996375
-2.070077
-1.612326
-0.736647
-1.313767
-1.428600
-0.318581
-2.020989
-2.480918
-1.076818
-1.754677
-2.531092
-2.449167
-1.252754
-2.386362
-1.055369
-3.962665
-1.106954
-0.608158
-0.613022
-0.254222
-1.046127
0.126657
-1.985905
0.329248
1.277046
0.370929
0.012773
1.984494
1.080177
1.319407
0.418229
0.511236
0.662614
0.992931
1.490745
1.506964
-0.428745
-0.673032
-0.736626
-0.763754
0.096648
0.570468
0.558340
0.112981
-0.608319
-1.360847
-3.006995
-1.481087
-1.505042
0.009286
1.051050
0.443406
0.321208
-1.048584
-1.707643
-0.278216
1.782874
0.474924
1.087341
0.523902
0.126663
0.178723
1.365877
1.177165
-0.325999
-0.823025
-0.122236
-0.114240
0.405681
0.117547
0.126740
-0.850156
-0.164696
0.427579
2.082520
1.280648
1.466340
0.845623
0.031992
-0.307348
0.617736
0.358551
-2.047290
0.284418
0.866622
0.225032
-0.225652
-0.050850
0.087283
-0.913510
1.021313
1.076171
0.418295
-0.085711
0.594491
0.035813
-0.144109
1.339220
1.072197
0.049999
0.461767
1.102002
0.692669
0.117971
1.618651
1.117716
0.916919
-0.178788
2.157189
2.385064
1.476339
3.035583
1.762098
3.222758
1.693644
0.177559
-0.831478
-1.000458
0.893119
2.423975
1.417059
3.701509
-0.534209
-0.515517
2.433840
0.174263
-0.890425
2.211473
0.446639
1.085509
1.702693
2.290511
4.291906
-0.138295
2.927355
0.805966
2.906636
0.745032
0.143663
2.516419
0.701438
2.241497
-0.332149
-0.110481
-0.826729
-0.451946
1.444019
-0.612581
2.249509
2.759658
-3.562870
-0.584952
2.609758
-0.622843
0.415240
4.548981
2.924260
0.485535
-0.116033
0.868253
0.230734
1.739297
8.428242
-1.893026
6.646606
3.516536
1.671243
3.754411
11.043459
-2.255660
4.491701
1.883877
2.133437
1.909028
0.772809
1.416911
7.426300
0.037580
1.758181
4.365882
0.915810
2.185632
0.854005
5.776630
0.344899
-0.442534
1.507592
-0.642417
0.232269
1.539433
5.975234
0.466260
2.870237
1.971525
-1.008270
0.981705
1.007598
2.909887
0.942428
-1.105933
1.039140
1.649884
2.239922
3.326950
8.239117
-0.770983
2.980008
1.799732
2.175821
1.074106
3.543534
-5.837440
-0.388697
-0.984217
-1.143263
-0.613888
-1.171486
-2.097660
0.664534
1.197760
1.668528
3.965616
3.784637
2.718151
1.004578
-1.309704
0.493959
2.951418
3.029875
0.691805
2.920488
0.426386
0.128859
-1.513336
-0.729868
2.014549
0.336531
1.255590
-2.505327
-0.337378
-0.316364
1.169403
1.075010
2.792637
2.210312
-1.694975
0.468102
1.420553
1.096409
1.086548
2.797209
1.484467
1.594677
-1.873528
1.795004
0.487362
-0.173344
-0.421858
-1.288254
0.029345
-0.158000
0.284699
-0.742203
-0.179902
-0.810018
0.175424
0.723031
1.121487
0.206171
-0.569331
-0.432227
-1.491092
-0.248958
1.715291
0.621137
-0.006393
0.032010
1.745290
-0.190792
1.491723
0.110192
0.114220
-0.854624
-1.233665
0.871387
-0.004825
0.165944
0.109587
0.477379
-0.028184
-0.335210
1.099133
1.028342
0.294138
0.377659
1.058446
0.008412
-0.457126
-0.062655
-0.346960
-0.634106
1.313195
0.502881
1.665429
2.080384
0.932001
0.322370
1.452431
1.746265
1.328691
1.315148
-0.160271
0.125049
0.705907
0.870895
-0.877253
2.275639
-1.115601
-0.727571
1.575253
1.625230
0.616676
-1.932058
-0.234030
-1.733887
-1.298387
-0.361134
-0.912140
-1.465052
-2.676843
1.010159
-0.749684
1.463768
-0.890324
-0.572190
-1.224161
-2.128830
1.096756
-1.411628
-0.731097
-3.061139
-2.788490
-1.052356
-2.752139
0.839620
-1.304108
0.107359
1.037301
-1.642993
-0.062334
-0.757580
-0.065488
-0.866457
-0.267241
1.024330
0.829445
-0.092210
-1.890107
-2.193472
0.409088
-1.110808
-0.642306
-0.372822
-1.159015
-1.882319
0.115131
-0.995201
0.336677
1.239697
2.061419
-1.207056
1.529395
-1.113369
0.986916
0.056343
-0.631592
0.487030
0.018116
2.037318
-0.649475
0.706815
0.870923
-1.368301
0.206266
0.128850
1.205678
-0.592949
0.526516
0.232824
-1.841490
-0.240333
-0.817986
0.949438
-0.477404
0.011438
-0.320146
0.216481
-0.365252
-1.363596
1.088684
-1.875672
0.985820
0.772242
1.712967
1.361837
1.117533
0.067785
1.373195
-2.807789
1.291564
1.099215
0.402991
0.387805
1.005977
-1.192111
5.094279
1.940491
1.448465
1.094139
-0.714018
-0.395388
0.796849
1.487472
-1.116730
1.133404
3.444163
-0.464150
-0.589346
1.177729
2.864551
0.618280
3.152832
5.255373
0.410059
1.514918
1.013804
1.691963
-0.630198
1.348597
3.006362
0.239003
1.005062
-0.110021
1.644113
-0.304706
0.890622
1.559867
-1.298378
-0.428236
2.861526
-0.462087
-0.438746
-0.221797
1.749658
-1.412542
3.155743
2.532531
-1.100740
1.271901
1.217786
0.762401
0.334846
0.215533
-1.449980
0.726634
0.477860
0.718931
1.240742
0.044645
-0.261031
0.802422
0.967081
1.296335
0.918100
-0.012678
1.263630
0.462083
0.233129
0.405133
-0.038773
-0.882810
-0.224324
0.118663
0.398371
-0.086792
-0.173976
0.790101
-0.782262
-0.109858
0.252995
-0.220936
-1.069296
-0.420980
0.439368
0.131036
0.706161
0.042497
-0.270421
-0.532751
-1.224957
0.163092
0.270407
-0.041609
-0.785813
-1.334028
-0.878986
0.927208
-0.387598
0.924480
1.329024
0.441490
-1.208953
1.253222
0.647890
0.414809
-0.069383
-1.821141
0.949479
0.897243
-0.431588
1.668153
1.252238
0.439021
-1.049521
-0.605720
0.116219
-0.100991
0.726705
-0.327838
-0.262760
-0.880616
-0.076215
-0.684723
-0.074966
1.344225
-0.254227
-0.071817
0.167596
0.305438
-0.685061
-0.299443
0.555605
0.009437
-2.116458
-1.872482
-0.203242
-0.476550
-1.988730
-0.530567
-0.130072
-0.405659
-0.796848
-0.267396
-1.669451
-3.188969
1.598770
-0.288526
0.127946
0.094033
0.425852
-1.632389
1.741067
-0.764168
0.354436
0.703948
-0.065704
1.134467
0.588997
0.419506
0.744835
1.465982
0.411580
-0.204862
0.887760
1.107096
0.467768
0.399660
1.225274
-0.154197
-0.459031
0.968221
0.574387
0.192108
0.146245
0.239998
-1.578588
-1.978530
0.347618
0.313102
0.050080
0.331827
1.435873
-0.800373
-2.361828
0.776409
0.172335
-1.330262
-0.159423
-0.236525
-0.411433
-0.431240
-0.014557
-1.420597
-0.787032
-1.029531
2.891541
0.165385
-0.252976
-0.386802
2.492563
-3.947142
2.660756
1.754922
0.322919
1.883052
-1.369829
-0.460069
1.880384
0.488303
2.026584
0.136987
3.978927
1.766579
0.755605
0.527926
1.180877
2.357121
0.027479
0.429288
2.784973
2.448418
2.088438
0.602739
2.556262
-0.505712
-0.884741
2.903470
0.569835
3.139892
1.874660
0.772615
1.835144
2.218541
2.284291
-0.027816
1.944657
0.690126
-0.483465
-0.940296
-0.873152
-1.839952
0.227296
6.088366
-0.328189
4.240030
2.162720
1.181708
1.075250
4.819442
0.511022
0.613230
0.249383
1.706661
-0.691959
0.096800
1.292948
6.638209
0.404009
4.139154
5.172041
1.923687
7.296843
2.259994
5.480008
-1.655313
0.780440
-3.148594
-5.231124
0.653337
1.045810
5.445933
0.561269
0.917134
-1.740479
-5.028093
1.591885
1.739925
4.100983
0.342334
2.957126
3.713653
-2.164254
3.113170
2.597998
3.694424
1.809138
0.255303
-0.250555
-2.797673
0.359904
-1.348405
5.669371
1.396535
-0.157019
-0.302449
-0.134720
0.255831
1.757259
1.225339
0.308529
-1.697951
-0.140480
0.113550
-2.552229
-2.124855
0.830572
-1.333987
-1.902143
1.180425
2.051875
-0.097402
-2.891627
1.395276
-1.191705
-0.346036
3.132405
1.649337
-0.199935
-1.499871
1.196866
-1.955515
-0.445918
2.459185
1.082241
-0.037483
-1.426040
0.481090
-1.126997
-1.262424
1.732268
1.801706
-0.974932
-2.174535
1.312794
-0.957258
-0.657766
-0.124799
0.083202
-1.097918
1.366670
5.786529
0.278496
1.187751
-0.494561
-1.064819
-0.445720
1.932106
0.228492
0.422018
0.261719
1.548473
1.780279
0.266279
-0.138343
1.346636
0.512828
2.263279
1.740992
1.525442
2.408298
1.464595
0.860153
-0.003789
2.650113
2.790909
2.356976
2.840751
1.732870
0.829822
-1.162108
1.474303
2.689054
2.271797
1.681618
0.978003
0.699194
-1.703218
-0.213860
0.327908
-0.417587
1.375523
-0.580337
2.456112
0.869369
1.315967
1.276574
0.290591
1.431120
0.872334
-6.438891
1.905459
0.739138
2.111868
2.712420
2.523169
-3.348045
0.424740
-1.942602
1.286733
-0.410962
0.181289
2.398479
3.277034
1.221514
2.562394
0.018447
-1.804784
-1.252455
-1.159720
1.551692
1.524791
2.573921
-2.739553
3.787682
3.469350
1.913520
0.794846
2.075006
4.216381
-3.774910
-0.837435
2.757788
-0.337336
1.737107
1.067550
-1.486540
1.047375
-2.669068
-0.618476
-2.203853
-0.957757
-2.427052
-0.387558
-0.412149
-1.370882
-0.126227
-0.000382
-2.366421
3.575609
2.051774
4.127352
2.656777
1.582175
2.134075
3.357723
2.955877
3.136027
1.884847
1.228507
0.656506
1.055713
1.067677
5.307734
0.216074
0.413012
2.371653
-1.277902
0.644125
-0.859961
4.757832
1.639699
0.970800
1.737936
0.335075
1.050097
1.067976
4.150550
1.840774
1.687202
3.356632
1.526539
3.017914
1.414514
3.785398
1.124406
0.451608
3.260381
2.670425
1.914174
2.437353
4.982604
2.053633
1.140658
2.059531
1.443085
0.316559
1.678518
2.838765
0.018891
0.695602
0.682081
0.532522
0.335561
1.045609
0.822408
0.060118
-0.371417
-1.294671
-1.046483
-1.104166
0.748910
0.766598
-1.267935
-1.130011
-1.198169
-1.913884
-2.268906
-0.868013
1.003014
-1.328657
-0.652103
-0.214559
-1.172958
-1.673115
-0.713330
0.641265
-0.251957
-1.117585
0.389841
-0.343859
-0.585145
0.034039
1.132462
-0.356780
-1.891740
-2.745331
-1.892088
-1.898208
0.816304
0.811608
0.875599
0.385784
-0.073824
0.059937
-0.101179
0.146334
-6.155951
-0.090277
-3.719258
-2.652966
-2.804696
-2.599169
-5.461675
-1.205794
-1.476058
-0.032656
1.787174
2.126675
0.659380
-3.323802
-4.253835
-1.439576
-0.989614
1.044937
1.901696
-0.477606
-1.989531
-4.029963
-0.924088
-0.279512
-0.795179
-0.400436
-1.501837
-2.381003
-3.195895
-0.439266
0.219609
0.093130
0.659963
-0.992884
-1.524453
-2.381087
-0.186170
0.915568
3.016140
1.982691
1.347649
0.738906
-3.349845
-1.458907
-1.816455
-1.044636
-1.627952
-0.620471
-6.765401
1.372500
1.096518
2.083780
0.202022
-0.006039
0.398114
1.516073
-0.170396
2.671986
-0.000728
-1.587678
-1.445715
0.668585
0.683559
2.443717
-0.298295
-1.899098
-1.457878
-1.587412
-1.671012
-1.938690
1.054909
0.238317
-2.348048
-0.828229
2.302642
-1.319959
-1.981273
1.996660
0.661635
-1.755311
-2.304826
0.140007
-3.102239
-1.372473
1.866142
2.048142
0.442308
-0.253155
-0.256762
-1.888320
-0.415886
3.105098
1.053338
2.530514
1.115721
0.926749
1.175353
3.161665
-2.779056
1.432457
-1.877182
-0.373604
0.102696
-0.332628
-2.757124
0.566624
0.266548
-0.267746
1.812639
1.436075
1.314332
-1.478159
-1.336092
-0.114928
-0.492192
0.864313
-0.792394
1.085548
-0.902334
-0.360945
-0.704423
0.091902
-0.420430
-1.463147
-0.228073
-0.768552
-0.473200
-0.557125
0.220639
0.594700
-1.691792
-0.572332
-0.945850
0.205054
0.066572
-0.816398
-0.219496
-0.265330
0.128632
-1.092972
-2.626599
0.451077
-0.923259
-1.347094
-1.599760
-0.362419
-0.539788
1.320975
0.698513
1.422786
1.199221
0.918027
2.127735
0.240826
1.370509
-1.191792
0.878201
0.099091
-0.418737
0.144571
0.196698
-0.746431
0.728697
1.165131
-0.187566
-1.195526
0.184406
1.017825
-0.652366
0.104121
0.489101
-3.111079
-4.392030
-1.157681
0.477288
-0.626764
0.942168
-0.381340
-0.789961
-1.280705
-0.177275
0.835272
0.068043
0.255845
1.305435
0.702925
0.393858
0.870376
1.793812
-0.295799
0.740822
0.775109
0.378474
0.745778
0.650578
-0.997766
1.357254
-0.070433
1.120730
-0.682746
-1.691107
-0.891683
1.206056
-0.474172
0.170248
0.367054
0.346585
0.310440
-0.808768
-0.443517
0.727613
-0.383693
-0.795068
0.757686
1.673085
-0.996886
-1.064626
0.122363
-0.128963
-1.866533
-3.342659
-1.164431
-2.114248
-0.211410
-0.434948
-0.410213
-1.506887
-2.511509
-0.775910
-1.150975
-0.880635
-0.792844
0.662112
-0.306788
0.399076
-0.230385
-0.380511
-0.962381
-1.853740
-0.494209
-0.812888
-0.448773
-0.724529
-1.471493
-2.785596
-1.521468
-0.589671
0.130252
-0.872814
-1.421050
-0.560549
0.082603
0.263182
-0.139745
-0.652071
-1.193655
-2.573022
-1.089479
-0.232533
-0.261020
-0.531427
-0.418480
1.229073
0.206696
-0.793010
-0.651023
-0.407414
-0.590722
0.210413
1.797582
1.506483
0.282600
-0.761084
-0.639884
-1.043581
0.305052
0.741241
0.066874
0.249417
-1.136680
-0.320274
-0.724742
0.409888
0.124075
-1.294452
-0.728080
-0.505317
0.514246
-1.068783
-0.288858
-0.642215
-0.518967
-0.031514
0.899443
1.617745
0.395034
-0.472598
-0.224710
-0.077771
-0.148141
0.505050
0.147390
-0.381816
-0.730618
-0.041819
-0.432051
-1.317275
1.007017
-0.581575
-0.635202
-1.473326
-1.599371
-0.665174
-1.747491
-0.208261
-0.886848
-0.961380
-1.879195
-1.176869
0.798724
-1.396334
-0.346208
-0.418530
-0.293873
-1.620708
-2.491722
-0.187200
-1.468735
0.316961
-0.354484
0.039459
-0.229300
-0.395013
0.215741
-1.150409
0.827597
-0.534156
0.434857
-0.064023
0.774023
1.055287
0.197655
0.505448
1.649950
-0.438185
0.994635
0.794775
1.027936
0.396191
0.865445
-0.664709
0.286241
-0.453877
-2.421143
-2.422241
-1.619343
-0.315868
1.272942
-0.440123
-1.705199
-1.814630
-1.164262
-1.743396
-1.026353
1.057909
-0.581117
-1.690815
0.163561
0.889022
-0.789606
-0.476343
1.014122
0.354084
-1.650303
-0.159475
0.581038
-1.736828
0.497815
0.101989
0.142933
-1.215783
-2.201848
-2.072271
-2.132485
0.421187
0.429644
0.602510
1.625402
0.798744
0.904261
0.684218
1.304817
0.708664
-2.505585
0.716200
-0.453821
-0.276623
-0.664593
1.015360
-4.435535
1.148888
2.408069
0.837208
0.172724
1.707283
1.943076
-0.167124
0.879471
1.033634
0.525473
-0.761112
1.374556
2.850129
-1.538307
0.669868
1.007699
-0.015512
-0.396334
0.570267
3.014431
-1.911030
-0.124880
0.879545
2.099607
0.961840
1.329960
2.178384
-1.069811
1.322593
-0.694818
2.322508
1.307643
0.885990
1.770267
-0.172964
0.738234
0.345589
0.519171
0.458435
1.968489
0.768879
2.864070
-0.142136
1.077922
1.226958
0.907905
0.956644
1.528430
0.212351
0.043530
-0.205703
-0.674093
-0.323559
-0.703107
0.687300
1.637679
-0.629193
-0.574698
0.199017
0.432137
0.459449
0.133358
1.566178
-0.686761
0.164944
0.516785
0.645089
0.418782
0.708224
1.838663
-0.537985
-0.407967
0.394250
0.667747
0.772882
0.922148
1.295605
-0.099045
-0.845589
0.298519
1.105778
0.246406
0.494371
2.222448
1.265047
1.134413
0.982654
1.553993
0.698379
2.138303
-1.998177
-1.330213
-1.737616
-2.108452
-1.829289
-1.648630
-2.337465
0.427493
0.104769
0.181610
0.866914
1.434521
1.952534
-0.133549
-2.051366
-0.647655
0.428374
-0.118654
0.098854
1.181166
0.970634
-0.860131
0.115965
1.350583
-0.398740
-0.400614
0.248136
0.726341
-1.117561
-0.630145
1.035863
0.064251
0.162090
1.738593
0.286138
-0.740494
-0.347204
-0.064364
-0.073504
-0.081011
1.611565
-1.048830
-1.375079
0.403923
-1.259783
-1.790559
-2.053104
-0.940662
-2.095695
-2.886410
0.992789
-0.382152
0.733880
0.811960
-1.137982
-0.870795
0.590673
1.257006
0.617422
1.216562
1.025739
0.067043
0.663095
-0.791490
0.488588
-1.961395
-2.063635
-2.580224
-2.531964
-0.210407
-0.093996
-0.037829
-2.295513
-0.932716
-1.065678
-0.372837
0.141607
-0.705035
1.072092
-1.446407
-1.939919
-0.811992
-1.718952
0.347304
-0.909522
0.940024
1.153261
0.087287
0.221456
-0.484372
0.358279
-0.805382
0.079167
0.583642
1.057163
0.415549
-0.270447
0.758305
0.211926
-0.688061
-0.153156
-0.876310
-0.477737
-0.643706
-0.024580
-1.528124
0.836256
0.175463
1.094430
1.201882
0.296952
-0.730708
-0.000725
0.200685
-1.337988
-0.565695
1.170958
-0.054561
-1.281675
-1.284912
-0.179988
-0.551005
-0.820966
-0.433771
-0.991331
-1.465909
-0.784404
-0.223079
-0.355793
-0.119838
0.181525
-0.313809
-0.914989
-0.288037
-0.303916
-1.045635
0.523602
0.868104
-0.118470
-1.076711
-0.221896
-0.876333
-1.322551
-0.684628
-0.480116
-1.143940
-1.080882
2.461158
3.091561
1.385642
0.355651
-0.188416
0.868975
1.952044
1.698780
0.669559
-1.517979
-2.442753
-3.179153
-0.437870
-1.680199
-0.185095
-2.853898
-2.479198
-2.494246
-4.538036
-1.004295
-1.368331
0.651421
-1.262156
-2.154628
-2.702083
-3.999400
-2.099036
-1.573737
-0.514402
-1.751329
-1.533916
-2.440820
-1.514146
-0.053695
-1.521426
-0.903167
-0.701874
-1.683976
-0.125086
0.135623
0.616434
-0.881928
0.251830
-0.031575
0.115773
0.183954
0.562992
1.094974
-0.387872
1.719213
3.247256
-0.114972
-0.352348
-0.294967
1.255097
1.437346
2.303658
-2.983627
-0.889611
0.627313
-0.888535
1.533195
-1.170776
-0.394064
-1.390548
0.060225
0.972583
-1.387618
-0.083906
-0.237232
0.316092
-0.434686
-0.230426
0.591407
-0.212399
-0.071856
-0.389781
0.552481
-0.151906
-1.461019
-1.673431
-0.663139
0.646952
0.490447
0.580345
-0.866302
0.930903
-0.964912
-2.977101
2.124539
1.544404
-0.217575
-0.239072
0.405189
0.685638
-0.171185
1.620637
-0.953805
-1.112554
1.712543
0.016917
0.661615
0.465345
0.583211
-0.825783
2.686720
0.691262
1.293487
1.567436
-0.171639
2.283807
1.533120
0.253628
0.873909
0.763316
1.345729
-0.220580
1.315160
0.116927
1.104409
1.314032
-0.803264
1.128069
0.576910
1.100172
0.124736
0.540073
1.644709
0.061316
0.501696
-0.185413
0.926898
0.718713
-0.153972
0.524909
1.366289
0.530001
-0.769031
1.057845
0.180858
-1.216172
1.014118
1.591692
2.627656
2.357968
1.759445
0.807618
-7.202606
-1.275111
-0.860126
0.007755
0.291395
-1.336192
-1.029346
-1.363138
0.316510
0.913965
-0.154650
-0.368674
1.195612
1.136686
-0.351843
-0.515644
-1.007826
-1.791553
-2.429458
-0.602946
-0.786913
-0.692705
-0.388921
-1.465245
-2.288179
-1.420641
-0.517574
-0.055405
-0.506796
0.048198
-0.333973
-2.821671
-1.615999
0.161302
-0.088420
-0.968627
0.659530
-0.176297
-1.292135
-1.188421
0.815559
-0.418981
-1.440186
0.556082
0.680597
0.342371
-0.649403
-0.196520
-0.110787
-5.281101
-1.910820
-5.395751
-6.129950
-5.979196
-6.752656
-5.472262
-0.012165
-4.027550
1.069707
4.275569
4.525267
0.617209
-1.954415
-4.936599
1.111947
2.269991
-0.853526
-3.407083
-0.629192
2.549141
-2.659248
3.039952
1.848469
-0.169607
2.259133
-0.453087
2.788720
-3.403604
1.894316
-1.766981
0.816788
0.937707
-0.345814
1.910569
-3.491168
-0.553120
1.128332
4.761024
2.144199
2.866135
0.574661
-1.287842
-1.183986
0.482843
3.327173
2.080895
0.998544
-3.505825
-0.752088
-0.212636
-0.547004
-0.343973
0.185946
-0.452289
-0.386233
-1.611506
-0.880293
-0.877961
-0.760984
-1.804999
-1.247117
-0.289753
-0.405824
-0.015309
-0.462180
0.208024
-0.598042
-0.179319
-0.102192
-0.215422
0.308694
0.159007
1.505507
1.237394
0.390262
0.028851
-0.156700
0.965600
-0.018862
0.664184
0.678724
-0.289308
-0.449906
-0.666271
0.322034
0.617751
0.198558
0.388383
0.027764
-0.543386
0.612294
-0.565999
0.996556
1.491379
0.268158
0.998156
0.097372
-2.631874
0.369840
0.105977
-1.211494
-1.123638
-1.150109
1.313520
0.331453
-1.842208
-0.359529
-0.510075
0.262798
0.343655
1.906035
0.127861
-1.641008
1.809499
3.002527
3.061904
4.001524
2.136034
-0.259003
-1.448559
-1.098875
-4.128927
-5.577250
-1.899167
0.393526
-1.334476
-1.919465
-1.357674
0.386492
-1.145253
-0.369297
0.818300
0.519196
-1.750992
-1.033441
-1.460848
-1.840528
0.236354
1.474338
0.520628
2.210644
0.759508
-1.757936
-0.264271
0.586576
0.728781
-5.009282
-2.148209
-0.770746
0.233555
0.223818
-0.520731
-1.887773
-1.806090
-0.140386
0.476738
-0.649809
-1.080137
-0.459819
-0.103635
-1.146107
-0.078742
-0.672895
-1.664412
-1.480465
-1.868124
-0.605426
-1.087706
-0.275075
-1.023282
-1.622950
0.196937
-1.249288
0.016692
-1.335717
0.012718
-0.335376
-1.984712
-0.939074
-1.177857
0.719464
-1.359304
0.125375
-0.273309
-1.659562
-1.833318
-0.736516
0.476427
-2.661709
-0.478284
0.777065
1.044832
1.592360
0.930070
-0.018322
6.184340
-2.153151
1.430413
0.191251
-1.008290
-0.372027
3.701751
-3.574717
-0.053956
-0.924828
1.045087
0.402201
-0.880748
-0.331804
2.333380
-1.259018
-1.242024
-0.146391
-1.484879
-2.435443
0.182643
0.306919
0.787915
1.461694
0.535080
-0.537698
-1.364790
0.825280
1.293252
-0.517524
2.264654
2.277437
-0.735090
-1.049172
0.422705
1.119349
-1.195512
0.332441
1.519673
1.211805
0.587657
1.177969
5.487703
-0.502282
3.282976
3.333586
1.723449
2.027539
4.705702
-0.104689
2.475465
-3.718912
-2.034003
-0.436677
1.509499
-3.294751
6.927453
0.593255
-0.214040
1.430779
-0.440598
3.815631
-1.487990
-3.086359
-1.132686
-0.787251
-0.309995
-2.965734
-1.046535
-3.185438
-1.167218
-0.845797
-1.889015
-3.229230
-3.430779
-2.429966
-3.070229
-1.664635
-0.511657
-2.673532
-2.434265
-3.005590
-1.749530
-3.127881
-1.835668
-0.909777
-1.489279
-1.609199
-1.988997
-0.417337
-4.212676
-4.396062
-1.406147
-1.293357
-1.282543
-2.002301
-0.910072
-2.175862
-7.744698
-1.629658
-1.307642
-1.244570
-1.081163
-2.629408
-2.718950
2.447727
0.483999
1.638700
1.070621
0.713907
0.194941
4.632662
-0.797773
2.007505
4.595936
0.236551
0.909693
1.905199
3.797070
-1.837132
0.536970
0.572336
-1.230867
-2.615150
1.317551
3.602953
-0.383944
1.745510
-0.265852
-0.694889
0.932325
1.764711
3.559443
-0.571623
-0.179173
0.064749
-1.357370
0.154522
1.328947
1.844484
-2.556135
4.130964
1.617136
1.394854
1.334188
0.150215
-3.264030
4.377317
-1.833163
3.207608
1.342932
0.540632
1.153047
4.283691
-5.479362
2.892251
1.516398
-2.085877
-2.032319
-0.573447
0.890601
2.918618
1.947463
2.050310
-2.166969
-3.465216
0.113606
1.922614
1.595071
3.542272
3.216443
-2.433728
-2.723913
-0.267001
3.349490
1.821221
2.800313
2.748484
-0.289894
-1.233814
1.075152
1.925865
0.428093
2.477445
-0.131005
-1.866415
-0.221317
0.972100
1.100464
3.334167
2.123993
1.622808
1.138260
0.924579
1.861456
4.160249
-1.895368
3.643930
-3.275223
-0.234282
0.004930
-0.285542
-6.690430
5.964581
-4.376682
-0.785585
3.523621
1.146111
2.804652
-0.939344
-4.713842
-1.512662
1.123456
2.757695
1.390207
-0.086181
-1.399603
-1.762927
-1.740308
-1.642531
-0.687435
-2.463587
-1.013749
-1.987194
-3.838063
-0.985726
-2.875157
-1.725651
-2.677207
-1.862782
-0.886405
-2.833608
-2.008084
2.576752
2.061492
-0.015455
3.652921
0.933674
-6.688092
-3.812527
0.049261
2.399906
1.750068
1.211258
-10.394209
0.744563
1.494034
0.868358
0.912574
0.757072
1.817147
1.124165
-2.058810
0.190034
-0.987904
-0.883799
-1.323986
-0.463189
-0.699737
-0.112146
0.039070
-0.151610
-0.495002
0.052518
0.696759
-0.548726
0.077751
0.128740
0.585761
0.234172
2.515950
-0.041522
-0.081129
0.154907
0.001490
-0.173563
0.655523
1.851380
0.596295
0.207113
-0.601421
0.531788
-0.673128
-0.160092
1.005443
0.466991
-0.981240
0.401127
1.003060
1.220782
1.889528
2.034952
1.349625
1.466686
-6.131127
-3.585944
-3.708181
-4.331081
-3.550253
-4.280453
-5.713934
-4.002375
-1.161410
0.117348
1.007412
0.495230
0.185214
-1.935011
-4.846863
0.098436
-0.008779
1.302690
1.531978
1.534167
0.192843
-3.286768
-0.355780
0.780515
1.221909
1.484456
0.835533
0.218686
-3.518238
0.444205
0.182504
0.793712
0.845648
1.200455
-0.279752
-4.033194
-0.196291
1.253539
1.042516
0.882808
-0.674849
-2.174535
-5.339836
-2.402739
-0.979479
-0.348112
-0.601383
-1.732974
-2.760766
-4.365312
-4.579094
-3.496399
-1.633318
-1.661632
-2.413126
-3.010795
-3.029666
-2.083090
0.671701
2.008357
1.955836
2.267020
-0.227689
-2.082258
0.693395
2.303122
-0.423799
0.289765
-0.623773
1.350808
-3.128023
0.917253
0.652586
-2.013026
-1.017972
-1.831997
2.273538
-2.645623
-0.156155
0.132257
-1.860934
-2.012604
-2.657655
2.389213
-0.935890
-0.868346
0.305361
-1.469474
-1.976253
0.076695
2.028445
-0.042741
0.101113
-0.266267
-0.651793
0.125660
0.453619
-2.370254
5.094215
2.316122
1.482151
0.801363
0.667205
1.214658
3.170900
2.797126
2.951025
0.946289
-0.532355
1.075061
-0.421164
0.478354
2.104691
-1.112031
-2.979863
-3.273812
0.159191
-1.732131
-1.203880
1.773858
-1.333289
-1.457763
0.695337
1.096414
-1.848541
-1.945551
2.433373
-1.007991
-0.746715
0.306578
1.416836
-1.534963
-0.477145
3.283650
0.421485
-1.289897
-1.473172
0.266635
-1.973136
0.977716
4.280178
2.081725
-0.196023
-0.285212
-0.197368
-1.724502
2.691062
-2.373050
0.063787
-0.821277
1.240346
2.257945
0.797353
-0.236433
-0.563720
-1.160472
-0.063717
0.370298
0.086577
-0.636361
-1.765018
-0.623308
0.855952
0.757510
-0.734196
-1.107587
-1.035720
-0.875557
-1.014501
1.194493
0.817771
0.804044
0.858477
1.100848
0.489245
-0.411013
1.020885
0.185246
0.214076
-0.061923
-0.556492
-0.007164
1.047501
0.417854
1.820362
1.174747
1.430965
0.015277
-0.590593
1.880842
-0.507955
-0.388794
0.315981
0.332638
-0.745261
1.501257
2.533599
-1.256772
1.892842
1.426633
1.360183
1.918038
2.078132
-0.492173
1.668670
0.218862
1.738075
1.994910
1.423799
-0.370994
2.247238
-0.062205
2.101226
3.699069
3.220143
2.026265
1.012238
3.159945
0.179111
2.013748
-0.803470
-1.197570
-0.231254
1.385442
2.788138
-0.238358
2.317635
2.597155
1.124047
1.743156
1.513770
1.517968
0.285266
-0.975729
2.261903
2.334002
1.163598
0.008876
2.344009
1.974556
1.900937
2.216744
3.026328
1.991473
3.063540
7.018491
0.739920
0.942057
-0.923499
-1.822849
-0.419154
2.392067
3.931229
0.073517
-1.114534
0.586857
0.034133
-0.187748
-0.239719
3.988316
-0.602257
-0.168070
0.793108
0.213530
-0.686956
-0.476147
3.739552
-1.463258
0.132747
0.746478
0.311917
-0.256799
-0.284375
3.278296
-1.201118
-0.320382
0.071022
0.081299
0.120018
-0.860584
1.902182
-0.006586
-0.051125
-0.736755
-1.305524
1.266579
-0.603685
0.817584
-2.844639
-2.791134
-3.418207
-4.227317
-2.772444
-2.811902
