0.000000
0.000000
1.060904
0.343764
0.000000
0.000000
0.000000
0.000000
0.000000
0.000000
0.002335
0.000000
0.000000
0.288006
0.000000
0.231490
0.000000
0.000000
0.000000
0.000000
0.000000
0.000000
0.000000
0.000000
0.000000
0.000000
0.088999
0.000000
0.477569
0.010416
0.000866
0.000000
0.000000
0.000000
0.187997
0.057257
0.000000
0.000000
0.100068
0.000000
0.000000
0.129067
0.186102
0.000000
0.004287
0.000000
0.000000
0.000000
0.057341
0.001903
0.000000
1.179630
0.000000
0.000000
0.000000
0.000000
0.028029
0.000000
0.007213
0.000000
0.000000
0.000000
0.000000
0.000000
0.000000
0.000000
0.129382
0.000000
0.016814
0.000000
0.000000
0.000000
0.000000
0.000000
0.000000
0.000000
0.015112
0.000000
0.000000
0.000000
0.000000
0.000000
0.000000
0.000000
0.000000
1.018892
0.011513
0.028085
0.003820
0.001641
0.000000
0.117231
0.475540
0.096310
0.082797
0.000000
0.000000
0.000000
0.000000
0.010043
0.205471
0.000000
0.000000
0.239738
0.000604
0.000000
0.000000
0.000000
0.151570
0.544460
0.000000
3.896640
0.000000
0.000000
0.019588
0.000000
0.000000
0.000000
0.000000
0.000000
0.054555
0.425403
0.018000
0.000000
0.000000
0.010626
0.000000
0.535917
0.000000
0.000000
0.143809
0.002646
0.000000
0.036324
0.000000
0.114927
0.000000
0.078875
0.074520
0.090561
0.000000
0.239498
0.079664
0.144590
0.011699
0.447671
0.000000
0.008940
0.057412
1.112211
0.000000
0.000000
0.598650
0.575733
0.000000
0.000000
0.000000
0.000712
0.545901
0.000000
0.106490
0.014309
0.000000
1.553704
0.000000
0.022946
0.005803
0.000000
1.094224
0.000000
0.030297
0.000000
0.012984
0.036431
0.000000
0.974203
0.194952
0.000000
0.092995
0.000000
0.712004
0.000000
0.000584
0.000000
0.015756
0.000000
0.000000
0.000000
0.000000
0.121109
0.010944
0.000000
0.036699
0.088510
0.000000
0.158004
0.000000
0.000000
0.000000
0.229452
0.000000
0.000000
0.036699
0.000000
0.018179
0.037282
0.000000
0.067952
0.002325
0.000000
0.420978
0.000000
0.022276
0.000000
0.000000
0.000000
0.121838
0.214078
0.000000
0.000000
0.000000
0.000000
0.039558
0.000000
0.000000
0.000000
0.000000
0.460609
0.175831
0.000000
0.053666
0.000000
0.000000
0.000000
0.000000
0.780210
0.502976
0.001667
0.017812
0.000000
0.000000
0.000000
0.000000
0.000000
0.000000
0.009304
0.090322
0.080721
0.000000
0.000000
0.039495
1.160108
0.000000
0.000000
0.067506
0.000000
0.021994
0.000000
0.008759
0.112691
0.040379
0.000000
0.032207
0.093893
0.056775
0.000000
0.119062
0.000000
0.000000
0.000000
0.000000
0.000000
0.005821
0.036181
0.000000
0.000000
0.000000
0.776678
0.000000
0.000000
0.109193
0.276210
0.000000
0.000000
1.327934
0.000000
0.012494
0.000000
0.058058
0.621885
0.000000
0.000146
0.048695
0.000000
0.000000
0.000000
0.000000
0.000000
0.000000
0.000000
0.000000
0.000000
0.000000
0.038822
0.000000
0.000000
0.000000
0.000000
0.116736
0.000000
0.000000
0.593287
0.000000
0.036211
0.200648
0.060351
0.062206
0.003578
0.000000
0.000000
0.092132
0.000000
0.015858
0.000000
1.568341
1.350747
0.000000
0.000000
0.239406
0.541943
0.060014
0.215807
0.000000
0.057619
0.005469
0.000000
0.446048
0.032245
0.000000
0.000000
0.000000
0.000000
0.000000
0.000000
0.003495
0.307354
0.000000
0.000000
0.301845
0.000228
0.000000
0.000000
0.111450
0.000000
0.000000
0.005796
0.000000
0.000000
0.000000
0.028076
0.623366
0.000000
0.000000
0.000000
0.000000
0.000000
0.000000
0.018728
0.001426
0.010815
0.000000
0.000000
0.000000
0.000000
0.109738
0.140840
0.000000
0.000000
0.000000
0.000000
0.031961
1.233579
0.233770
0.000000
0.000000
0.000000
0.000000
0.000000
0.000000
0.000000
0.000000
0.005503
0.000000
0.000000
0.000000
0.000000
0.000000
0.000000
0.323124
0.024409
0.000000
0.087069
0.000000
0.000000
0.000000
0.000000
0.000000
0.000000
0.000000
0.037166
0.014386
0.000000
0.000000
0.155461
0.267136
0.004492
0.187871
0.000000
0.037073
0.000000
0.408745
1.193404
0.000000
0.293637
0.023116
0.000000
0.000000
0.000000
0.000000
0.000000
0.000000
0.000000
0.000000
0.000000
0.000000
0.000000
0.000000
0.000000
0.000000
0.000000
0.000000
0.000000
0.000000
0.000000
0.000000
0.523666
0.031085
0.159716
0.000000
0.009772
0.000000
0.000000
0.004640
0.044851
0.218884
0.000000
0.000000
0.336872
0.113163
0.000000
0.000000
0.791641
0.000827
0.000000
0.000000
0.000000
0.073680
0.000000
0.000000
0.000000
0.000000
0.007451
0.000000
0.902506
0.033529
0.000000
0.000000
0.004738
0.000000
0.974805
0.000000
0.000000
0.125178
0.000000
0.000000
0.289315
0.161673
0.000000
0.000000
0.011044
0.000000
0.000000
0.725603
0.000000
0.000000
0.107997
0.000000
0.289354
0.000000
1.133403
0.115465
0.317147
0.002643
0.000000
0.324058
0.000000
0.020578
0.000000
0.000000
0.095331
0.000000
0.052601
0.000000
0.717390
0.000000
0.000000
0.521625
0.353223
0.000000
0.000000
0.011346
0.002045
0.185469
1.579432
0.090022
0.000000
0.000000
0.000000
0.000000
0.000000
0.000000
0.000000
0.699852
0.702574
0.167519
0.000000
0.000000
0.066635
0.070859
0.000000
0.029960
0.005193
0.000000
0.084206
0.000000
0.000000
0.016002
0.878839
0.674387
0.000000
0.000000
0.000000
0.000000
0.000000
0.000000
0.000000
0.018038
0.011638
0.232478
0.000000
0.054551
0.000000
0.000000
0.000000
0.000000
0.000000
0.095844
0.000000
0.029612
0.000000
0.000000
0.011243
0.000000
0.045844
0.004129
0.000000
0.021842
0.000000
0.016704
0.000000
0.000000
0.000000
0.000000
0.000000
0.000000
0.006769
0.000000
0.158025
0.029981
0.584535
0.849954
0.181191
0.000000
0.122964
0.306531
0.000000
0.066803
0.000000
0.000000
0.000000
0.389167
0.012974
0.000000
0.000000
0.085774
0.000000
0.052071
0.065362
0.034870
0.000000
0.000000
0.000000
0.000000
0.000000
0.060970
0.053934
0.000000
0.126557
0.000000
0.000000
0.081192
0.041357
0.000000
0.000000
0.000000
0.002396
0.000000
0.000000
0.020836
0.180213
0.004084
0.000000
0.000000
0.000000
0.000000
0.000000
0.000000
0.000000
0.000000
0.000000
0.000000
0.000000
0.000000
0.000000
0.000000
0.001638
0.000000
0.000000
0.704957
0.000000
0.000000
0.110493
0.061175
0.000000
0.000000
0.000000
0.000000
0.000000
0.000000
0.000000
0.000000
0.000000
0.265200
0.000000
0.425292
0.000000
0.090530
0.000000
0.000000
0.654609
0.000000
0.000000
0.000000
0.007797
0.000000
0.000000
0.000000
0.000000
0.130883
0.000000
0.000000
0.000000
0.000000
0.000000
1.941342
0.000000
0.001606
0.008979
0.000000
0.462271
0.000000
0.000000
0.048744
0.000000
0.000000
0.000000
0.000000
0.000000
0.062164
0.167458
0.000000
0.000000
0.000000
0.042103
0.329138
0.000000
0.000000
0.000000
0.184081
0.148758
0.000000
0.000000
0.000000
0.000000
0.114115
0.000000
0.000000
0.000000
0.000000
0.000000
0.000000
0.028196
0.000000
0.742941
0.000000
0.005587
0.000000
0.370900
1.742597
0.865326
0.000000
0.099372
0.000000
0.008401
0.311322
0.000000
0.266310
0.339977
0.000000
0.039800
0.000000
0.126556
0.010884
0.010595
0.002158
0.000000
0.000552
0.000000
0.000000
0.009046
0.000000
0.167228
0.000000
0.000000
0.000000
0.000000
0.000000
0.000000
0.000000
0.000000
0.015300
0.000000
0.000000
0.000000
0.127809
0.000000
0.054360
0.000000
0.000000
0.000000
0.006327
0.435141
0.020389
0.000000
0.000000
0.000000
0.018176
0.166907
0.000000
0.456165
0.030052
0.000000
0.011371
0.000000
0.000000
0.000000
0.000000
0.000000
0.000000
0.000000
0.037756
0.011153
0.000000
0.000000
0.000000
0.000000
0.000000
0.018264
0.009884
0.030379
0.000000
0.000000
1.151275
0.000000
0.209082
0.000000
0.000000
0.316089
0.000000
0.908242
0.000000
0.000000
0.000000
0.000000
0.000000
0.030928
0.048057
0.000000
0.000000
0.000000
0.564946
0.000000
0.000000
0.102871
0.248686
0.000000
0.000000
0.001573
0.033164
0.092652
0.013182
0.000000
0.000000
0.000000
0.000000
0.000000
0.000000
0.000000
0.178602
0.247698
0.009054
0.813343
0.000000
0.000000
0.058866
0.007117
0.000000
0.000000
0.000000
0.074922
0.000000
0.000000
0.000000
0.000000
0.000000
0.007793
0.019398
0.238297
0.000000
0.000000
0.000000
0.000000
0.022260
0.193884
0.014838
0.000000
0.000000
0.000000
0.141901
0.000000
0.454088
0.000000
0.332158
0.000000
0.000000
0.789140
0.000000
0.000000
0.117046
0.000000
0.017997
0.131635
0.000000
0.041370
0.028482
0.000000
0.000000
0.000000
0.000000
0.865300
0.000000
0.029681
0.000000
0.000000
0.000000
0.002916
0.000000
0.020211
0.000000
0.000000
0.000000
0.000000
0.000000
0.000000
0.000000
0.000000
0.000000
0.196079
0.098613
0.000000
0.000000
0.000000
0.000000
0.000000
0.048566
0.000000
0.000000
0.000000
0.019695
0.869392
0.255720
0.000000
0.000000
0.017959
0.352687
0.930333
0.041417
0.000000
0.060388
0.000000
0.683296
0.000000
0.003906
0.007591
0.000000
0.000000
0.226490
0.000000
0.213121
0.305177
0.000000
0.091871
0.949405
0.000000
0.000000
0.000000
0.000000
1.078975
0.000000
0.019596
0.000000
0.000000
0.020932
0.000000
1.164073
0.000000
0.000000
0.000000
0.000000
0.395451
0.000000
0.000000
0.108981
0.034867
0.000000
0.000000
0.000000
0.000000
0.000000
0.000000
0.077941
0.010507
0.000000
0.031345
0.031674
0.034825
0.000000
0.002928
0.000000
0.723307
0.000000
0.434015
0.000000
0.024671
0.263502
0.000000
0.000000
0.000707
0.000000
0.000000
0.028609
0.415354
0.000000
0.000000
1.743545
0.000000
0.000000
0.811575
0.154025
0.000000
0.000000
0.045939
0.000000
0.020378
0.235020
0.000000
0.000000
0.000000
0.000000
0.000000
0.000000
0.029712
0.089926
0.000000
0.000000
0.093390
0.061736
0.033991
0.626227
0.763690
0.178938
0.210899
0.000000
0.000000
0.080781
0.733938
0.126107
0.001881
0.000000
0.002216
0.000000
0.044253
0.000000
0.000000
0.000000
0.000000
0.000000
0.127938
0.000000
0.000000
0.000000
0.000000
0.379206
0.000000
0.000000
0.000000
0.000000
0.145379
0.187009
0.035532
0.079580
0.000000
0.068450
0.351720
0.726056
0.913855
0.146521
0.000000
0.000000
0.017688
0.000000
0.000000
0.000000
0.000000
0.000000
0.000000
0.004559
0.000000
0.086429
0.000000
0.062508
0.028041
0.000000
0.193323
0.492975
0.008618
0.448653
0.000000
0.266446
0.117955
0.000000
0.256331
0.000000
0.207941
0.098966
0.499089
0.000000
0.000000
0.055576
0.000000
0.000000
0.000000
0.381111
0.864134
0.000000
0.183441
0.000000
0.072837
0.000000
0.000000
0.000000
0.000000
0.000000
0.000000
0.000000
0.000000
0.000000
1.028551
0.263690
0.015357
0.000000
0.000000
0.000000
0.000000
0.010179
0.000000
0.000000
0.000000
0.000000
0.000000
0.555590
0.014387
0.000000
0.053318
0.000000
0.005973
0.000000
0.000000
0.000000
0.801981
0.019043
0.000000
0.000000
0.021507
0.000000
0.000000
0.000000
0.000000
0.000000
0.040487
0.000000
0.000000
0.000000
0.000000
0.000000
0.000000
0.000000
0.139611
0.000000
0.006998
0.254843
0.000000
0.500553
0.000000
1.483802
0.000000
0.249457
0.000000
0.000000
0.224394
0.022602
0.000000
0.000000
0.000000
0.000000
0.000000
0.739748
0.003767
0.000000
0.000000
0.000000
0.000000
0.000000
0.131707
0.000000
0.083986
0.000000
0.000000
0.000000
0.000000
0.000000
0.140053
0.000000
0.030215
0.000000
0.903593
0.000000
0.000000
0.000000
0.000000
0.000000
0.000000
0.000000
0.476409
0.000000
0.000000
0.000000
0.032859
0.000000
0.074209
0.303106
0.000000
1.255539
0.000000
0.000000
0.000000
0.250508
0.000000
0.000000
0.073927
0.000000
0.000000
0.031930
0.000000
0.000000
0.000000
0.124464
0.000000
0.000000
0.000000
0.000000
0.000000
0.000000
0.238035
0.188867
0.000000
0.000000
0.717609
0.401694
0.001980
0.000000
0.000000
0.000000
0.069058
0.000000
0.000000
0.000000
0.003840
0.000000
0.000000
0.000000
0.000000
0.202462
0.000000
1.079510
0.030738
0.000000
0.000000
0.060892
0.000000
0.000000
0.169963
0.436619
0.004998
0.000000
0.001699
0.022746
0.000906
0.309341
0.000000
0.000000
0.000000
0.315159
1.480247
0.000000
0.403059
0.000000
0.000000
0.209786
0.000000
0.107097
0.000000
0.000000
0.000000
0.724470
0.000000
0.000000
0.374765
0.000000
0.027981
